DIA;Peso Argentino * Billete;Real* Billete;Dólar USA* Billete;Dólar USA* Fondo BCU;Euro*;Oro Londres (en Dolares);
20170102;1,627;8,942;28,795;28,712;30,043;1152,15;
20170103;1,607;8,937;28,599;28,517;29,702;1159,68;
20170104;1,63;8,992;28,685;28,599;29,999;1165,17;
20170105;1,629;9,043;28,668;28,582;30,276;1180,94;
20170109;1,656;9,034;28,728;28,642;30,267;1183,69;
20170110;1,657;9,041;28,75;28,664;30,274;1186,97;
20170111;1,662;9,068;28,835;28,749;30,501;1195,74;
20170112;1,656;9,065;28,737;28,651;30,486;1199,42;
20170113;1,665;9,088;28,808;28,722;30,539;1196,66;
20170116;1,666;9,034;28,819;28,733;30,461;1202,78;
20170117;1,67;9,031;28,718;28,636;30,665;1215,32;
20170118;1,678;9,025;28,7;28,618;30,531;1209,72;
20170119;1,673;9,026;28,611;28,529;30,316;1200,85;
20170120;1,676;9,041;28,659;28,573;30,523;1206,78;
20170123;1,666;8,987;28,49;28,405;30,497;1215,78;
20170124;1,65;8,953;28,382;28,297;30,361;1208,46;
20170125;1,651;8,984;28,479;28,412;30,486;1197,62;
20170126;1,64;8,952;28,379;28,308;30,277;1189,53;
20170127;1,637;8,959;28,399;28,328;30,284;1189,6;
20170130;1,629;8,997;28,342;28,282;30,238;1194,8;
20170131;1,642;8,967;28,245;28,185;30,422;1212,52;
20170201;1,664;8,954;28,296;28,236;30,422;1209,21;
20170202;1,67;9,015;28,397;28,337;30,528;1216,38;
20170203;1,685;9,067;28,47;28,43;30,602;1216,52;
20170206;1,681;9,045;28,402;28,362;30,471;1231,8;
20170207;1,685;9,07;28,479;28,439;30,41;1234,01;
20170208;1,697;9,135;28,684;28,643;30,591;1238,16;
20170209;1,698;9,142;28,615;28,575;30,457;1235,01;
20170210;1,707;9,19;28,672;28,631;30,442;1233,37;
20170213;1,724;9,259;28,61;28,57;30,291;1226,05;
20170214;1,715;9,214;28,47;28,43;30,043;1225,26;
20170215;1,723;9,259;28,426;28,386;30,059;1231,7;
20170216;1,717;9,26;28,335;28,295;30,188;1240,93;
20170217;1,716;9,253;28,314;28,274;29,993;1238,34;
20170220;1,705;9,282;28,309;28,269;29,998;1238,14;
20170221;1,709;9,362;28,368;28,328;29,865;1237,14;
20170222;1,713;9,322;28,431;28,391;29,947;1234,85;
20170223;1,711;9,308;28,482;28,482;30,108;1249,9;
20170224;1,71;9,27;28,552;28,523;30,152;1257,14;
20170301;1,707;9,210;28,505;28,477;30,087;1248,82;
20170302;1,718;9,056;28,344;28,316;29,745;1232,95;
20170303;1,715;9,013;28,299;28,271;29,918;1230,45;
20170306;1,702;9,027;28,253;28,225;29,869;1227,63;
20170307;1,705;9,016;28,311;28,283;29,884;1216,05;
20170308;1,715;9,064;28,461;28,454;30,001;1208,75;
20170309;1,728;9,052;28,515;28,504;30,19;1204,08;
20170310;1,733;9,051;28,419;28,408;30,344;1202,02;
20170313;1,74;9,035;28,369;28,358;30,225;1204,25;
20170314;1,766;8,997;28,43;28,419;30,151;1199,2;
20170315;1,762;9,035;28,371;28,36;30,393;1217,99;
20170316;1,765;8,995;28,245;28,234;30,347;1227,81;
20170317;1,779;9,039;28,292;28,281;30,381;1229,73;
20170320;1,775;9,047;28,226;28,215;30,279;1233,89;
20170321;1,782;9,079;28,328;28,317;30,589;1243,99;
20170322;1,773;9,122;28,371;28,36;30,619;1249,3;
20170323;1,773;9,093;28,551;28,54;30,773;1245,44;
20170324;1,756;9,057;28,44;28,429;30,725;1249,42;
20170327;1,757;9,063;28,459;28,448;30,913;1255,47;
20170328;1,757;9,067;28,47;28,459;30,754;1248,97;
20170329;1,791;9,157;28,663;28,652;30,828;1253,62;
20170330;1,794;9,17;28,701;28,69;30,658;1244,56;
20170331;1,784;9,12;28,544;28,523;30,444;1248,71;
20170403;1,782;9,138;28,511;28,49;30,380;1252,25;
20170404;1,784;9,179;28,546;28,525;30,442;1256,24;
20170405;1,785;9,333;28,56;28,539;30,443;1252,64;
20170406;1,779;9,331;28,46;28,439;30,275;1252,78;
20170407;1,79;9,302;28,463;28,442;30,12;1255,61;
20170410;1,79;9,302;28,464;28,443;30,133;1254,11;
20170411;1,839;9,223;28,5;28,479;30,209;1273,83;
20170412;1,84;9,202;28,525;28,514;30,218;1275,27;
20170418;1,812;9,145;28,442;28,431;30,505;1290,72;
20170419;1,812;9,033;28,455;28,444;30,479;1281,22;
20170420;1,79;8,948;28,456;28,445;30,506;1280,71;
20170421;1,79;8,979;28,463;28,452;30,428;1285,27;
20170424;1,786;8,929;28,394;28,383;30,821;1275,33;
20170425;1,777;8,858;28,257;28,247;30,887;1264,24;
20170426;1,769;8,844;28,123;28,109;30,632;1267,27;
20170427;1,768;8,758;28,114;28,1;30,566;1264,87;
20170428;1,769;8,788;28,123;28,109;30,633;1268,01;
20170502;1,768;8,786;28,114;28,100;30,704;1256,5;
20170503;1,761;8,752;28,007;27,993;30,522;1247,15;
20170504;1,76;8,744;27,981;27,967;30,704;1227,8;
20170505;1,75;8,695;27,823;27,809;30,559;1229,35;
20170508;1,775;8,707;28,038;28,024;30,632;1227,81;
20170509;1,772;8,751;28,091;28,077;30,513;1216,49;
20170510;1,77;8,769;28,06;28,046;30,465;1218,3;
20170511;1,775;8,791;28,042;28,028;30,458;1224,74;
20170512;1,771;8,802;27,989;27,975;30,561;1228;
20170515;1,776;8,795;28,056;28,042;30,786;1231,01;
20170516;1,777;8,828;28,073;28,059;31,133;1237,33;
20170517;1,779;8,839;28,108;28,094;31,318;1257,53;
20170518;1,772;8,516;28,359;28,345;31,453;1248,13;
20170519;1,777;8,642;28,259;28,245;31,66;1255,37;
20170523;1,764;8,629;28,218;28,204;31,545;1252,88;
20170524;1,754;8,609;28,238;28,224;31,612;1255,94;
20170525;1,744;8,559;28,246;28,232;31,638;1255,72;
20170526;1,744;8,561;28,252;28,238;31,56;1269,31;
20170529;1,739;8,561;28,252;28,238;31,546;1268,13;
20170530;1,734;8,537;28,256;28,242;31,593;1262,72;
20170531;1,73;8,522;28,292;28,278;31,789;1271,12;
20170601;1,729;8,566;28,352;28,338;31,78;1267,95;
20170602;1,726;8,580;28,313;28,299;31,909;1277,61;
20170605;1,729;8,565;28,35;28,336;31,896;1279,08;
20170606;1,733;8,586;28,419;28,405;32,008;1290,77;
20170607;1,737;8,635;28,494;28,48;32,056;1284,64;
20170608;1,739;8,616;28,518;28,504;31,986;1279,66;
20170609;1,748;8,608;28,491;28,477;31,887;1270,26;
20170612;1,751;8,544;28,366;28,352;31,773;1266,72;
20170613;1,751;8,519;28,367;28,353;31,78;1266,84;
20170614;1,746;8,546;28,286;28,272;31,725;1267,18;
20170615;1,748;8,527;28,311;28,297;31,568;1254,9;
20170616;1,757;8,523;28,295;28,281;31,659;1254,62;
20170620;1,748;8,455;28,323;28,309;31,504;1243,4;
20170621;1,73;8,393;28,368;28,354;31,659;1246,8;
20170622;1,741;8,396;28,379;28,365;31,62;1249,61;
20170623;1,75;8,339;28,351;28,337;31,735;1256,24;
20170626;1,749;8,383;28,333;28,319;31,662;1242,67;
20170627;1,739;8,388;28,35;28,336;32,147;1250,39;
20170628;1,74;8,393;28,369;28,355;32,264;1249,28;
20170629;1,733;8,407;28,417;28,403;32,476;1245,43;
20170630;1,738;8,431;28,495;28,481;32,518;1241,7;
20170703;1,743;8,459;28,591;28,577;32,459;1221,57;
20170704;1,751;8,497;28,721;28,721;32,6;1223,49;
20170705;1,751;8,548;28,891;28,891;32,767;1223,44;
20170706;1,739;8,644;29,043;29,043;33,177;1224,32;
20170707;1,733;8,613;28,939;28,939;33,004;1209,97;
20170710;1,733;8,663;28,935;28,928;32,987;1214;
20170711;1,717;8,687;28,841;28,834;33,086;1217,25;
20170712;1,7;8,731;28,724;28,717;32,779;1220,1;
20170713;1,703;8,746;28,775;28,768;32,809;1218,28;
20170714;1,665;8,705;28,638;28,631;32,827;1228,68;
20170717;1,646;8,704;28,635;28,628;32,865;1234,81;
20170719;1,626;8,699;28,62;28,613;32,952;1241,87;
20170721;1,619;8,714;28,494;28,487;33,266;1255,15;
20170724;1,596;8,684;28,484;28,477;33,157;1255,09;
20170725;1,592;8,687;28,494;28,487;33,192;1250,58;
20170726;1,571;8,619;28,442;28,435;33,359;1261,34;
20170727;1,567;8,593;28,357;28,35;33,12;1260,48;
20170728;1,556;8,553;28,312;28,305;33,28;1270,16;
20170731;1,552;8,561;28,251;28,244;33,423;1270,04;
20170801;1,564;8,603;28,304;28,297;33,398;1272,08;
20170802;1,568;8,624;28,374;28,367;33,643;1268,04;
20170803;1,568;8,731;28,377;28,37;33,668;1268,92;
20170804;1,571;8,747;28,427;28,42;33,436;1258,44;
20170807;1,572;8,805;28,615;28,608;33,737;1258,38;
20170808;1,572;8,86;28,619;28,612;33,628;1255,72;
20170809;1,58;8,905;28,764;28,735;33,768;1276,66;
20170810;1,585;8,932;28,849;28,82;33,927;1285,13;
20170811;1,579;8,918;28,895;28,866;34,136;1289,79;
20170814;1,598;8,878;28,765;28,736;33,864;1282,52;
20170815;1,585;8,779;28,533;28,504;33,445;1271,7;
20170816;1,589;8,803;28,609;28,58;33,636;1282,39;
20170817;1,588;8,797;28,592;28,563;33,537;1288,19;
20170818;1,593;8,824;28,677;28,648;33,706;1288,13;
20170821;1,601;8,865;28,81;28,781;33,988;1291,52;
20170822;1,595;8,834;28,712;28,683;33,713;1286,21;
20170823;1,615;8,894;28,907;28,878;34,138;1290,21;
20170824;1,61;8,865;28,812;28,783;33,978;1285,56;
20170828;1,605;8,839;28,728;28,699;34,377;1310,31;
20170829;1,607;8,825;28,769;28,74;34,471;1307,12;
20170830;1,611;8,847;28,843;28,814;34,267;1307,85;
20170831;1,612;8,849;28,849;28,82;34,303;1321,04;
20170901;1,62;8,898;28,831;28,802;34,174;1325,09;
20170904;1,619;8,95;28,82;28,791;34,264;1333,96;
20170905;1,626;8,992;28,776;28,747;34,265;1343,73;
20170906;1,628;9,007;28,824;28,795;34,296;1332,66;
20170907;1,639;9,044;28,852;28,823;34,601;1345,48;
20170908;1,645;9,051;28,784;28,755;34,579;1346,89;
20170911;1,647;9,09;28,817;28,788;34,441;1329,88;
20170912;1,649;9,102;28,852;28,823;34,5;1331,34;
20170913;1,658;9,122;29,007;28,978;34,411;1321,89;
20170914;1,658;9,094;29,011;28,982;34,528;1327,35;
20170915;1,662;9,094;28,918;28,889;34,501;1321,9;
20170918;1,66;9,085;28,892;28,863;34,497;1307,25;
20170919;1,661;9,09;28,906;28,877;34,642;1310,17;
20170920;1,655;9,084;28,887;28,858;34,282;1299,42;
20170921;1,657;9,093;28,916;28,887;34,469;1291,5;
20170922;1,654;9,079;28,87;28,841;34,452;1296,87;
20170925;1,642;9,058;28,896;28,867;34,194;1308,41;
20170926;1,617;9,076;28,953;28,924;34,119;1297,54;
20170927;1,628;9,108;29,147;29,118;34,227;1285,39;
20170928;1,631;9,094;29,191;29,162;34,386;1287,56;
20170929;1,619;9,085;28,98;28,951;34,227;1283,04;
20171002;1,627;9,132;29,13;29,101;34,176;1273,87;
20171003;1,631;9,15;29,187;29,158;34,262;1271,93;
20171004;1,631;9,21;29,195;29,166;34,307;1274,71;
20171005;1,641;9,185;29,209;29,18;34,154;1268,49;
20171006;1,649;9,18;29,193;29,164;34,22;1274,46;
20171009;1,661;9,193;29,233;29,204;34,321;1283,55;
20171010;1,667;9,229;29,347;29,318;34,616;1288,52;
20171011;1,666;9,251;29,326;29,297;34,727;1289,89;
20171012;1,671;9,277;29,408;29,379;34,775;1293,82;
20171013;1,671;9,249;29,413;29,384;34,726;1301,79;
20171017;1,673;9,286;29,437;29,408;34,613;1286,15;
20171018;1,668;9,313;29,522;29,493;34,806;1281,54;
20171019;1,663;9,339;29,605;29,575;34,977;1285,68;
20171020;1,657;9,358;29,665;29,635;34,909;1279,56;
20171023;1,675;9,265;29,647;29,617;34,766;1280,14;
20171024;1,668;9,25;29,693;29,663;34,974;1281,18;
20171025;1,648;9,191;29,502;29,473;34,803;1277,71;
20171026;1,643;9,132;29,406;29,377;34,246;1268,34;
20171027;1,643;9,135;29,414;29,385;34,078;1272,51;
20171030;1,633;9,076;29,226;29,197;33,981;1276,17;
20171031;1,625;9,061;29,176;29,147;33,961;1270,84;
20171101;1,624;9,078;29,23;29,201;33,937;1274,95;
20171103;1,618;9,04;29,199;29,17;33,861;1269,19;
20171106;1,622;9,011;29,196;29,167;33,864;1281,83;
20171107;1,618;9,043;29,209;29,18;33,795;1275,22;
20171108;1,617;9,062;29,181;29,152;33,789;1282,3;
20171109;1,618;9,101;29,213;29,184;33,998;1286,65;
20171110;1,625;9,112;29,249;29,22;34,075;1275,42;
20171113;1,625;9,106;29,322;29,293;34,169;1279,13;
20171114;1,629;9,131;29,401;29,372;34,658;1282,87;
20171115;1,635;9,166;29,513;29,484;34,791;1277,71;
20171116;1,629;9,134;29,41;29,381;34,558;1277,52;
20171117;1,637;9,126;29,386;29,357;34,64;1294;
20171120;1,638;9,132;29,406;29,377;34,48;1276,09;
20171121;1,631;9,12;29,366;29,337;34,461;1281,79;
20171122;1,631;9,116;29,353;29,324;34,633;1292,71;
20171123;1,619;9,074;29,217;29,188;34,589;1291,34;
20171124;1,612;9,036;29,095;29,066;34,663;1288,8;
20171127;1,605;8,997;28,971;28,942;34,442;1294,42;
20171128;1,599;9,015;28,938;28,909;34,283;1295,54;
20171129;1,602;9,006;28,998;28,969;34,356;1283,84;
20171130;1,607;8,978;28,998;28,969;34,504;1274,59;
20171201;1,606;9,004;28,992;28,963;34,453;1280,1;
20171204;1,606;9,002;28,987;28,958;34,318;1274,81;
20171205;1,606;9,033;28,995;28,966;34,218;1265,3;
20171206;1,611;9,033;28,995;28,966;34,173;1264,69;
20171207;1,616;9,007;29,094;29,065;34,281;1251,13;
20171208;1,61;8,97;28,974;28,945;34,052;1247,68;
20171211;1,609;8,964;28,954;28,925;34,11;1244,55;
20171212;1,604;8,938;28,959;28,93;33,936;1240,72;
20171213;1,599;8,907;28,858;28,829;33,943;1247,71;
20171214;1,594;8,855;28,779;28,75;33,915;1254,19;
20171215;1,587;8,841;28,733;28,704;33,749;1254,79;
20171218;1,583;8,87;28,74;28,711;33,868;1261,86;
20171219;1,588;8,894;28,817;28,788;34,098;1261,06;
20171220;1,58;8,877;28,761;28,732;34,138;1265,64;
20171221;1,577;8,909;28,865;28,822;34,202;1266,68;
20171222;1,574;8,889;28,8;28,757;34,084;1274,43;
20171226;1,551;8,878;28,853;28,81;34,192;1283,5;
20171227;1,525;8,866;28,814;28,771;34,236;1288,05;
20171228;1,486;8,896;28,822;28,779;34,41;1294,63;
20171229;1,485;8,891;28,807;28,764;34,556;1303,74;
20180102;1,49;8,933;28,763;28,72;34,6;1315,19;
20180103;1,478;8,935;28,681;28,638;34,429;1314,14;
20180104;1,477;9,01;28,653;28,61;34,528;1319,52;
20180105;1,469;9,011;28,655;28,612;34,47;1320,88;
20180108;1,466;9,043;28,667;28,624;34,233;1318,83;
20180109;1,457;9,052;28,694;28,651;34,178;1313,31;
20180110;1,456;9,046;28,677;28,634;34,241;1318,6;
20180111;1,457;9,03;28,626;28,583;34,401;1322,9;
20180112;1,453;9,059;28,627;28,584;34,765;1338,01;
20180115;1,448;9,078;28,595;28,552;35,038;1340,39;
20180116;1,445;9,054;28,61;28,567;35,046;1338,98;
20180117;1,442;8,998;28,614;28,571;35,047;1338,08;
20180118;1,44;8,99;28,588;28,545;34,906;1327,35;
20180119;1,435;8,98;28,557;28,514;34,888;1334,47;
20180122;1,429;8,907;28,503;28,46;34,861;1332,24;
20180123;1,415;8,852;28,503;28,46;34,956;1338,13;
20180124;1,402;8,921;28,459;28,416;35,263;1360,89;
20180125;1,396;8,936;28,418;28,375;35,33;1355,18;
20180126;1,392;8,931;28,4;28,357;35,273;1352,96;
20180129;1,394;8,943;28,439;28,396;35,15;1342,72;
20180130;1,395;8,919;28,451;28,408;35,209;1337,3;
20180131;1,389;8,907;28,414;28,371;35,247;1341,72;
20180201;1,389;8,906;28,410;28,367;35,440;1345,620;
20180202;1,397;8,963;28,502;28,459;35,473;1331,35;
20180205;1,397;8,962;28,499;28,456;35,33;1334,41;
20180206;1,397;8,933;28,497;28,454;35,273;1328,23;
20180207;1,399;8,975;28,54;28,497;34,93;1313,86;
20180208;1,402;9,014;28,664;28,621;35,112;1319,23;
20180209;1,405;9,059;28,808;28,765;35,193;1314,94;
20180214;1,403;9,032;28,903;28,86;35,86;1352,4;
20180215;1,394;8,963;28,504;28,461;35,568;1353,34;
20180216;1,396;8,952;28,469;28,426;35,244;1345,99;
20180219;1,389;8,954;28,473;28,43;35,28;1346,69;
20180220;1,391;8,967;28,514;28,471;35,135;1331,5;
20180221;1,384;8,968;28,519;28,476;35,115;1333,68;
20180222;1,384;8,966;28,511;28,468;35,09;1330,43;
20180223;1,38;8,941;28,434;28,391;34,907;1328,58;
20180226;1,372;8,901;28,396;28,353;34,904;1331,71;
20180227;1,363;8,861;28,355;28,313;34,654;1317,96;
20180228;1,363;8,861;28,356;28,314;34,579;1319,41;
20180301;1,366;8,878;28,410;28,367;34,606;1307,36;
20180302;1,364;8,89;28,448;28,405;35,006;1322,79;
20180305;1,364;8,897;28,382;28,339;34,946;1318,52;
20180306;1,355;8,905;28,319;28,277;35,059;1334,41;
20180307;1,353;8,884;28,339;28,339;35,166;1325,5;
20180308;1,353;8,887;28,349;28,349;34,91;1321,56;
20180309;1,354;8,89;28,358;28,358;34,916;1322,64;
20180312;1,354;8,92;28,365;28,365;34,993;1323,55;
20180313;1,357;8,92;28,365;28,365;35,146;1326,31;
20180314;1,357;8,916;28,352;28,352;35,076;1325,15;
20180315;1,358;8,897;28,382;28,382;34,923;1316,18;
20180316;1,359;8,903;28,401;28,401;34,892;1312,92;
20180319;1,363;8,928;28,482;28,446;35,152;1318,27;
20180320;1,363;8,929;28,485;28,449;34,86;1310,08;
20180321;1,364;8,965;28,509;28,473;35,12;1333,48;
20180322;1,361;8,944;28,441;28,405;34,967;1327,15;
20180323;1,356;8,915;28,349;28,314;35,003;1347,79;
20180326;1,361;8,847;28,311;28,276;35,215;1354,68;
20180327;1,359;8,764;28,394;28,359;35,171;1345,01;
20180328;1,339;8,762;28,389;28,354;34,905;1324,35;
20180402;1,339;8,654;28,386;28,351;34,876;1341,24;
20180403;1,348;8,605;28,311;28,276;34,696;1331,3;
20180404;1,356;8,586;28,334;28,299;34,754;1333,57;
20180405;1,356;8,569;28,277;28,242;34,556;1325,87;
20180406;1,361;8,53;28,318;28,304;34,776;1333,6;
20180409;1,36;8,494;28,285;28,271;34,831;1336,97;
20180410;1,365;8,458;28,249;28,235;34,897;1341,95;
20180411;1,373;8,466;28,277;28,263;34,943;1349,63;
20180412;1,363;8,47;28,29;28,276;34,86;1336,77;
20180413;1,359;8,439;28,27;28,256;34,858;1345,99;
20180416;1,366;8,467;28,28;28,266;34,998;1346,69;
20180417;1,365;8,462;28,264;28,25;34,938;1346,47;
20180418;1,371;8,453;28,234;28,22;34,925;1349,02;
20180419;1,377;8,425;28,224;28,21;34,81;1345,15;
20180420;1,374;8,407;28,165;28,151;34,579;1335,58;
20180424;1,38;8,373;28,3;28,286;34,614;1331,74;
20180425;1,387;8,295;28,369;28,355;34,527;1322,15;
20180426;1,387;8,263;28,426;28,412;34,4;1317,7;
20180427;1,382;8,274;28,464;28,45;34,494;1324,58;
20180430;1,389;8,293;28,61;28,596;34,551;1318,74;
20180502;1,392;8,275;28,962;28,948;34,693;1308,77;
20180503;1,375;8,332;29,161;29,146;34,945;1313,67;
20180504;1,375;8,33;29,156;29,141;34,856;1314,62;
20180507;1,384;8,386;29,351;29,351;35;1313,92;
20180508;1,356;8,463;29,959;29,959;35,53;1315,44;
20180509;1,366;8,579;30,455;30,455;36,12;1312,44;
20180510;1,334;8,5;30,006;30,006;35,79;1321,81;
20180511;1,325;8,513;30,221;30,221;36,096;1320,04;
20180514;1,247;8,536;30,559;30,559;36,504;1314,75;
20180515;1,282;8,651;31,145;31,145;36,915;1291,33;
20180516;1,255;8,468;30,739;30,739;36,277;1291,76;
20180517;1,277;8,558;31,151;31,151;36,755;1291,36;
20180518;1,277;8,535;31,407;31,407;36,976;1293,6;
20180522;1,265;8,56;31,245;31,245;36,8;1291,72;
20180523;1,265;8,56;31,244;31,244;36,557;1294,52;
20180524;1,26;8,539;31,254;31,254;36,65;1305,44;
20180525;1,261;8,523;31,281;31,281;36,5;1302,87;
20180528;1,238;8,454;31,197;31,197;36,274;1298,09;
20180529;1,236;8,418;31,148;31,148;35,914;1301,97;
20180530;1,229;8,35;30,978;30,978;36,102;1302,02;
20180531;1,214;8,34;31,192;31,192;36,456;1300,53;
20180601;1,213;8,312;31,171;31,171;36,349;1293,84;
20180604;1,205;8,269;31,091;31,091;36,372;1292,64;
20180605;1,211;8,231;31,115;31,115;36,44;1297,3;
20180606;1,217;8,17;31,046;31,046;36,535;1295,69;
20180607;1,244;8,143;31,349;31,349;37,019;1297,03;
20180608;1,242;8,191;31,288;31,288;36,82;1298,81;
20180611;1,236;8,253;31,278;31,278;36,856;1299,75;
20180612;1,227;8,325;31,301;31,301;36,772;1295,31;
20180613;1,215;8,34;31,358;31,358;36,97;1299,82;
20180614;1,19;8,317;31,522;31,522;36,542;1302,85;
20180615;1,171;8,361;31,606;31,606;36,701;1279,85;
20180618;1,169;8,306;31,562;31,562;36,662;1279,51;
20180620;1,175;8,346;31,716;31,716;36,751;1269,62;
20180621;1,164;8,27;31,674;31,674;36,81;1268,55;
20180622;1,161;8,169;31,451;31,451;36,68;1269,49;
20180625;1,158;8,132;31,39;31,39;36,74;1267,9;
20180626;1,153;8,071;31,235;31,235;36,389;1258,64;
20180627;1,154;8,068;31,383;31,383;36,273;1253,99;
20180628;1,151;8,09;31,308;31,308;36,189;1247,62;
20180629;1,14;8,131;31,466;31,466;36,713;1252,15;
20180702;1,137;8,144;31,599;31,599;36,69;1241,89;
20180703;1,139;8,084;31,446;31,446;36,643;1252,86;
20180704;1,144;8,085;31,45;31,45;36,69;1254,08;
20180705;1,141;8,066;31,375;31,375;36,649;1255,4;
20180706;1,145;8,117;31,495;31,495;36,993;1255,29;
20180709;1,142;8,095;31,409;31,409;36,904;1259,53;
20180710;1,138;8,089;31,303;31,303;36,764;1255,18;
20180711;1,145;8,107;31,374;31,374;36,623;1243,86;
20180712;1,144;8,101;31,352;31,352;36,58;1246,27;
20180713;1,14;8,102;31,354;31,354;36,615;1241,05;
20180716;1,137;8,082;31,277;31,277;36,636;1240,97;
20180717;1,121;8,053;31,164;31,164;36,34;1228,08;
20180719;1,115;8,067;31,221;31,221;36,351;1222,38;
20180720;1,108;7,997;31,027;31,027;36,381;1230,01;
20180723;1,11;8,008;31,071;31,071;36,314;1223,81;
20180724;1,104;7,987;30,911;30,911;36,11;1224,28;
20180725;1,097;7,96;30,725;30,725;35,947;1232,19;
20180726;1,097;7,98;30,722;30,722;35,776;1223,42;
20180727;1,096;7,951;30,692;30,692;35,785;1223,22;
20180730;1,091;7,911;30,538;30,538;35,762;1222,49;
20180731;1,091;7,915;30,553;30,553;35,736;1225,14;
20180801;1,089;7,88;30,497;30,497;35,573;1218,48;
20180802;1,093;7,917;30,719;30,719;35,593;1209,75;
20180803;1,092;7,94;30,568;30,568;35,39;1214,07;
20180806;1,094;7,938;30,401;30,401;35,13;1208,24;
20180807;1,085;7,885;30,041;30,041;34,83;1210,03;
20180808;1,093;7,959;30,166;30,166;35,05;1213,1;
20180809;1,108;8,075;30,686;30,686;35,421;1211,98;
20180810;1,112;8,131;31,14;31,14;35,497;1211,36;
20180813;1,091;8,122;31,432;31,432;35,795;1194,49;
20180814;1,102;8,089;31,306;31,306;35,499;1194,4;
20180815;1,096;8,156;31,565;31,565;35,831;1177,21;
20180816;1,1;8,129;31,459;31,459;35,761;1175,19;
20180817;1,108;8,099;31,585;31,585;36,138;1181,47;
20180820;1,101;8,131;31,71;31,71;36,365;1190,7;
20180821;1,105;8,04;31,837;31,837;36,851;1192,96;
20180823;1,081;7,996;31,904;31,904;36,801;1185,1;
20180824;1,074;7,958;31,91;31,91;37,092;1205,49;
20180827;1,059;7,885;31,778;31,778;37,11;1209,29;
20180828;1,05;7,885;31,933;31,933;37,344;1201,4;
20180829;1,016;7,863;32,001;32,001;37,444;1205,75;
20180830;0,947;7,871;32,192;32,192;37,544;1200,01;
20180831;0,924;7,907;32,339;32,339;37,528;1199,85;
20180903;0,901;7,954;32,452;32,452;37,701;1200,99;
20180904;0,909;7,978;32,711;32,711;37,873;1192,65;
20180905;0,912;8,004;32,818;32,818;38,143;1196,11;
20180906;0,916;7,972;32,525;32,525;37,809;1199,87;
20180907;0,925;8,017;32,388;32,388;37,447;1196,16;
20180910;0,934;8,095;32,703;32,703;37,924;1196,09;
20180911;0,939;8,074;32,861;32,861;38,073;1196,46;
20180912;0,938;8,127;32,832;32,832;38,18;1207,63;
20180913;0,943;8,146;32,991;32,991;38,555;1201,15;
20180914;0,947;8,206;33,154;33,154;38,566;1195,2;
20180917;0,908;8,205;33,15;33,15;38,733;1201,02;
20180918;0,895;8,199;33,123;33,123;38,636;1197,82;
20180919;0,895;8,173;33,102;33,102;38,647;1203,8;
20180920;0,913;8,16;32,883;32,883;38,721;1206,67;
20180921;0,911;8,156;32,786;32,786;38,509;1197,19;
20180924;0,906;8,075;32,625;32,625;38,361;1199,15;
20180925;0,917;8,174;33,023;33,023;38,863;1200,7;
20180926;0,915;8,174;32,943;32,943;38,746;1198,56;
20180927;0,905;8,22;33,044;33,044;38,534;1184,8;
20180928;0,898;8,283;33,214;33,214;38,563;1192,09;
20181001;0,898;8,282;33,212;33,212;38,455;1189,6;
20181002;0,889;8,261;32,877;32,877;37,948;1202,33;
20181003;0,911;8,408;32,793;32,793;37,76;1198,54;
20181004;0,919;8,482;33,08;33,08;38,08;1198,87;
20181005;0,893;8,696;33,043;33,043;38,08;1203,77;
20181008;0,913;8,84;32,884;32,884;37,779;1187,1;
20181009;0,911;8,859;32,779;32,779;37,668;1189,72;
20181010;0,915;9,001;32,942;32,942;37,964;1192,19;
20181011;0,929;8,935;32,971;32,971;38,215;1223,81;
20181012;0,928;8,884;32,96;32,96;38,112;1219,01;
20181016;0,938;8,853;32,844;32,844;38,03;1226,24;
20181017;0,936;8,857;32,771;32,771;37,705;1223,46;
20181018;0,937;8,859;32,78;32,78;37,574;1226,65;
20181019;0,939;8,886;32,877;32,877;37,84;1226,37;
20181022;0,936;8,878;32,76;32,76;37,564;1221,84;
20181023;0,939;8,854;32,849;32,849;37,678;1230,89;
20181024;0,939;8,863;32,881;32,881;37,453;1231,11;
20181025;0,939;8,883;32,868;32,868;37,35;1229,16;
20181026;0,939;8,958;32,877;32,877;37,514;1235,1;
20181029;0,937;9,014;32,811;32,811;37,385;1228,53;
20181030;0,937;8,963;32,805;32,805;37,209;1223,36;
20181031;0,946;8,945;32,827;32,827;37,159;1214,08;
20181101;0,951;8,964;32,808;32,808;37,431;1234,3;
20181105;0,956;8,902;32,758;32,758;37,408;1230,49;
20181106;0,963;8,853;32,756;32,756;37,384;1226,26;
20181107;0,963;8,87;32,731;32,731;37,484;1227,37;
20181108;0,96;8,846;32,642;32,642;37,223;1224,72;
20181109;0,964;8,844;32,546;32,546;36,888;1208,48;
20181112;0,966;8,807;32,587;32,587;36,633;1202,61;
20181113;0,946;8,774;32,638;32,638;36,732;1201,34;
20181114;0,963;8,847;32,733;32,733;37,016;1214,8;
20181115;0,96;8,82;32,635;32,635;36,941;1211,79;
20181116;0,955;8,749;32,458;32,458;37,027;1221,42;
20181119;0,955;8,756;32,484;32,484;37,199;1223,89;
20181120;0,956;8,76;32,5;32,5;36,936;1221,26;
20181121;0,942;8,735;32,496;32,496;37,013;1227,09;
20181122;0,935;8,722;32,447;32,447;37,014;1229,23;
20181123;0,926;8,661;32,393;32,393;36,703;1223,05;
20181126;0,89;8,552;32,496;32,496;36,821;1223,25;
20181127;0,903;8,559;32,523;32,523;36,743;1213,8;
20181128;0,9;8,567;32,383;32,367;36,816;1221,39;
20181129;0,891;8,44;32,071;32,055;36,458;1223,71;
20181130;0,888;8,473;32,197;32,181;36,416;1220,98;
20181203;0,889;8,374;31,987;31,971;36,273;1231,22;
20181204;0,889;8,375;31,994;31,978;36,265;1238,33;
20181205;0,884;8,392;32,056;32,04;36,351;1236,68;
20181206;0,881;8,417;32,154;32,138;36,592;1238,82;
20181207;0,88;8,412;32,133;32,117;36,634;1248,95;
20181210;0,858;8,427;32,192;32,176;36,533;1242,65;
20181211;0,868;8,408;32,204;32,188;36,427;1243,1;
20181212;0,871;8,458;32,223;32,207;36,586;1244,11;
20181213;0,87;8,447;32,268;32,252;36,643;1243,1;
20181214;0,873;8,455;32,297;32,281;36,49;1238,88;
20181217;0,871;8,44;32,242;32,226;36,591;1246,28;
20181218;0,859;8,435;32,222;32,206;36,631;1249,97;
20181219;0,86;8,417;32,238;32,222;36,728;1248,07;
20181220;0,86;8,465;32,25;32,234;36,993;1266,25;
20181221;0,86;8,467;32,261;32,245;36,655;1255,21;
20181224;0,86;8,491;32,266;32,25;36,818;1263,34;
20181226;0,839;8,477;32,297;32,281;36,673;1267,17;
20181227;0,819;8,474;32,37;32,354;37,037;1278,36;
20181228;0,82;8,506;32,406;32,39;37,044;1278,51;
20190102;0,811;8,56;32,441;32,425;36,739;1280,4;
20190103;0,811;8,656;32,459;32,443;36,982;1291,99;
20190104;0,812;8,736;32,497;32,481;37,033;1283,85;
20190107;0,813;8,81;32,509;32,493;37,291;1288,07;
20190108;0,824;8,841;32,536;32,52;37,211;1284,75;
20190109;0,82;8,931;32,599;32,583;37,609;1291,57;
20190110;0,824;8,975;32,759;32,743;37,653;1287,79;
20190111;0,83;8,984;32,793;32,777;37,599;1288,85;
20190114;0,827;8,952;32,673;32,657;37,459;1291,89;
20190115;0,827;8,951;32,671;32,655;37,186;1288,71;
20190116;0,833;8,93;32,684;32,668;37,261;1293,48;
20190117;0,838;8,927;32,671;32,655;37,163;1292,06;
20190118;0,831;8,889;32,622;32,606;37,055;1282,37;
20190121;0,831;8,817;32,623;32,607;37,066;1280,42;
20190122;0,831;8,768;32,615;32,599;37,059;1284,45;
20190123;0,831;8,768;32,615;32,599;37,117;1283,39;
20190124;0,836;8,763;32,598;32,582;36,821;1280,09;
20190125;0,836;8,742;32,606;32,59;37,174;1297,3;
20190128;0,841;8,739;32,595;32,579;37,261;1303,31;
20190129;0,845;8,724;32,539;32,523;37,158;1310,79;
20190130;0,851;8,732;32,569;32,553;37,275;1314,12;
20190131;0,855;8,805;32,491;32,475;37,156;1319,24;
20190201;0,855;8,827;32,483;32,467;37,196;1317,84;
20190204;0,861;8,828;32,485;32,469;37,122;1314,14;
20190205;0,861;8,853;32,489;32,473;37,058;1314,63;
20190206;0,862;8,916;32,544;32,528;36,97;1309,56;
20190207;0,864;8,907;32,6;32,584;36,991;1310,54;
20190208;0,863;8,904;32,588;32,572;36,886;1314,16;
20190211;0,858;8,934;32,608;32,592;36,734;1307,99;
20190212;0,863;8,924;32,572;32,556;36,891;1310,63;
20190213;0,863;8,979;32,592;32,576;36,741;1310,01;
20190214;0,858;8,982;32,605;32,589;36,831;1312,01;
20190215;0,858;9,01;32,615;32,599;36,845;1321,17;
20190218;0,859;9,013;32,625;32,609;36,882;1326,54;
20190219;0,859;9,045;32,651;32,635;37,038;1339,84;
20190220;0,849;9,051;32,675;32,659;37,086;1341,08;
20190221;0,839;9,065;32,725;32,709;37,056;1324,35;
20190222;0,838;9,052;32,676;32,66;37,048;1330,69;
20190225;0,837;9,022;32,66;32,644;37,069;1327,14;
20190226;0,838;8,998;32,663;32,647;37,152;1326,73;
20190227;0,832;8,976;32,673;32,657;37,128;1318,73;
20190228;0,832;8,975;32,667;32,651;37,154;1314,58;
20190301;0,833;8,977;32,676;32,66;37,108;1295,94;
20190306;0,823;8,885;32,698;32,682;36,945;1285,49;
20190307;0,813;8,879;32,942;32,926;36,935;1285,99;
20190308;0,817;8,942;33,085;33,068;37,17;1299;
20190311;0,827;8,916;33,078;33,061;37,159;1292,71;
20190312;0,827;8,896;33,094;33,077;37,356;1301,55;
20190313;0,82;9,028;33,405;33,388;37,81;1310,58;
20190314;0,823;9,061;33,526;33,509;37,867;1296,67;
20190315;0,837;9,045;33,466;33,449;37,863;1301,96;
20190318;0,836;8,986;33,429;33,412;37,879;1302,94;
20190319;0,82;8,956;33,227;33,21;37,698;1307,1;
20190320;0,818;8,963;33,343;33,326;38,147;1315,2;
20190321;0,824;8,949;33,379;33,362;37,874;1308,8;
20190322;0,82;8,945;33,633;33,616;37,974;1312,57;
20190325;0,818;8,916;33,524;33,507;37,908;1321,28;
20190326;0,815;8,869;33,435;33,435;37,705;1316,2;
20190327;0,805;8,939;33,791;33,791;38,037;1309,38;
20190328;0,803;8,875;33,724;33,724;37,859;1291,58;
20190329;0,797;8,812;33,484;33,484;37,566;1293,12;
20190401;0,801;8,796;33,424;33,424;37,473;1287,99;
20190402;0,805;8,867;33,607;33,607;37,628;1291,33;
20190403;0,817;8,989;33,707;33,707;37,888;1290,57;
20190404;0,82;9,072;33,838;33,838;37,968;1292,99;
20190405;0,804;9,025;33,755;33,755;37,865;1291,85;
20190408;0,809;9,033;33,785;33,785;38,045;1297,97;
20190409;0,813;9,099;33,941;33,941;38,24;1304,27;
20190410;0,817;9,136;33,893;33,893;38,204;1307,97;
20190411;0,832;9,249;34,128;34,128;38,415;1290,94;
20190412;0,836;9,283;34,068;34,068;38,485;1291,2;
20190415;0,851;9,204;34,054;34,054;38,484;1288;
20190416;0,856;9,199;34,22;34,22;38,628;1276,5;
20190417;0,856;9,132;34,244;34,244;38,692;1274,2;
20190423;0,841;8,96;34,497;34,497;38,692;1271,02;
20190424;0,832;8,894;34,51;34,51;38,46;1275,45;
20190425;0,805;8,881;34,636;34,636;38,552;1277,31;
20190426;0,825;8,886;34,654;34,654;38,651;1286,59;
20190429;0,815;8,885;34,65;34,65;38,746;1280,09;
20190430;0,823;8,947;34,981;34,981;39,247;1284,08;
20190502;0,807;8,932;35,101;35,101;39,227;1271,24;
20190503;0,803;8,891;34,94;34,94;39,11;1279,1;
20190506;0,805;8,892;35,036;35,036;39,253;1281,35;
20190507;0,804;8,835;34,986;34,986;39,123;1285,27;
20190508;0,806;8,85;35,047;35,047;39,225;1280,55;
20190509;0,808;8,871;35,129;35,129;39,431;1284,96;
20190510;0,808;8,875;35,145;35,145;39,475;1286,2;
20190513;0,801;8,874;35,23;35,23;39,567;1299,68;
20190514;0,8;8,869;35,21;35,21;39,463;1296,03;
20190515;0,783;8,877;35,24;35,24;39,472;1295,83;
20190516;0,782;8,863;35,187;35,187;39,306;1286,27;
20190517;0,783;8,77;35,256;35,256;39,369;1277,5;
20190520;0,784;8,773;35,267;35,267;39,384;1277,87;
20190521;0,784;8,733;35,28;35,28;39,369;1274,7;
20190522;0,784;8,754;35,278;35,278;39,365;1273,67;
20190523;0,778;8,737;35,212;35,212;39,372;1285,37;
20190524;0,781;8,722;35,149;35,149;39,395;1284,41;
20190527;0,78;8,707;35,088;35,088;39,265;1288,7;
20190528;0,78;8,67;35,112;35,112;39,204;1278,81;
20190529;0,782;8,733;35,195;35,195;39,181;1282,38;
20190530;0,783;8,744;35,237;35,237;39,235;1288,25;
20190531;0,783;8,813;35,252;35,252;39,384;1306,56;
20190603;0,786;8,752;35,182;35,182;39,606;1326,01;
20190604;0,788;8,763;35,053;35,053;39,466;1326,12;
20190605;0,788;8,81;35,063;35,063;39,372;1328,85;
20190606;0,802;8,87;35,303;35,303;39,806;1334,63;
20190607;0,799;8,907;35,362;35,362;40,079;1340,54;
20190610;0,809;8,941;35,405;35,405;40,061;1327,76;
20190611;0,808;8,95;35,352;35,352;40,047;1326,78;
20190612;0,811;8,936;35,296;35,296;39,833;1332,7;
20190613;0,816;8,981;35,295;35,295;39,813;1342,23;
20190614;0,805;8,968;35,333;35,333;39,601;1341,13;
20190617;0,807;8,96;35,303;35,303;39,598;1339,22;
20190618;0,807;9,012;35,328;35,328;39,546;1346,5;
20190620;0,81;9,009;35,225;35,225;39,788;1390,27;
20190621;0,814;8,978;35,194;35,194;40,005;1397,95;
20190624;0,822;8,922;35,153;35,153;40,062;1419,06;
20190626;0,829;8,917;35,222;35,222;40,042;1409,84;
20190627;0,83;8,903;35,255;35,255;40,083;1407,66;
20190628;0,833;8,907;35,182;35,182;40,014;1410,36;
20190701;0,835;8,861;35,09;35,09;39,606;1385,3;
20190702;0,843;8,863;35,187;35,183;39,737;1411,31;
20190703;0,843;8,863;35,187;35,183;39,683;1418,38;
20190704;0,846;8,868;35,115;35,111;39,623;1415,44;
20190705;0,849;8,893;35,217;35,213;39,518;1399,88;
20190708;0,874;8,995;35,172;35,168;39,429;1396,2;
20190709;0,864;8,979;35,196;35,192;39,438;1396,24;
20190710;0,856;9,071;35,106;35,102;39,507;1416,24;
20190711;0,852;9,102;35,134;35,134;39,543;1416,48;
20190712;0,851;9,142;35,104;35,104;39,478;1406,44;
20190715;0,841;9,116;35,097;35,097;39,516;1413,29;
20190716;0,827;9,087;35,165;35,165;39,408;1404,02;
20190717;0,821;9,07;35,102;35,102;39,388;1423,14;
20190719;0,819;9,048;35,016;35,016;39,353;1441,6;
20190722;0,814;8,972;34,811;34,811;39,023;1427,77;
20190723;0,804;8,863;34,388;34,388;38,351;1424,11;
20190724;0,791;8,697;33,83;33,83;37,673;1423,47;
20190725;0,794;8,755;34,144;34,144;38,062;1415,04;
20190726;0,79;8,74;34,174;34,174;38,013;1419,79;
20190729;0,782;8,726;34,205;34,205;38,123;1425,74;
20190730;0,78;8,712;34,326;34,326;38,294;1431,5;
20190731;0,781;8,718;34,35;34,35;38,092;1420,09;
20190801;0,777;8,78;34,595;34,595;38,354;1442,07;
20190802;0,776;8,794;34,736;34,736;38,59;1442,55;
20190805;0,781;8,852;35,141;35,141;39,376;1467,95;
20190806;0,777;8,809;35,148;35,148;39,366;1470,74;
20190807;0,776;8,78;35,295;35,295;39,575;1502,91;
20190808;0,775;8,774;35,273;35,273;39,469;1507,36;
20190809;0,773;8,814;35,344;35,344;39,607;1497,32;
20190812;0,718;8,931;35,901;35,901;40,261;1509,49;
20190813;0,703;8,947;35,878;35,878;40,09;1502,29;
20190814;0,682;8,993;36,15;36,15;40,255;1515,69;
20190815;0,683;8,982;36,198;36,198;40,207;1521,56;
20190816;0,683;9,005;36,199;36,199;40,161;1514,71;
20190819;0,686;9,018;36,343;36,343;40,277;1495,29;
20190820;0,684;9,083;36,605;36,605;40,632;1507,28;
20190821;0,682;9,058;36,502;36,502;40,459;1502,27;
20190822;0,679;8,993;36,33;36,33;40,275;1499,46;
20190823;0,682;9,006;36,476;36,476;40,649;1527,76;
20190826;0,676;8,957;36,498;36,498;40,511;1527,09;
20190827;0,664;8,946;36,501;36,501;40,483;1538,78;
20190828;0,654;8,955;36,627;36,627;40,579;1541,51;
20190829;0,642;8,929;36,608;36,608;40,461;1521,29;
20190830;0,643;8,937;36,642;36,642;40,242;1525,65;
20190902;0,634;9,019;36,797;36,797;40,368;1528,78;
20190903;0,644;8,995;36,699;36,699;40,242;1542,73;
20190904;0,654;8,983;36,651;36,651;40,444;1554,5;
20190905;0,653;9,035;36,592;36,592;40,385;1518,89;
20190906;0,651;9,017;36,429;36,429;40,185;1507,68;
20190909;0,651;9,051;36,476;36,476;40,319;1501;
20190910;0,654;9,081;36,598;36,598;40,404;1489,7;
20190911;0,653;9,09;36,541;36,523;40,201;1497,75;
20190912;0,651;9,138;36,462;36,444;40,331;1498,68;
20190913;0,651;9,186;36,469;36,451;40,357;1488,05;
20190916;0,652;9,212;36,662;36,644;40,343;1502;
20190917;0,651;9,215;36,766;36,748;40,665;1502,79;
20190918;0,639;9,168;36,762;36,744;40,532;1489,9;
20190919;0,623;9,173;36,784;36,766;40,647;1500,17;
20190920;0,613;9,176;36,794;36,776;40,503;1513,45;
20190923;0,613;9,012;36,768;36,75;40,403;1523,23;
20190924;0,613;9,017;36,789;36,789;40,54;1533,26;
20190925;0,615;9,017;36,88;36,88;40,362;1504,89;
20190926;0,614;9,045;36,812;36,812;40,228;1506,99;
20190927;0,614;9,054;36,851;36,851;40,311;1498,34;
20190930;0,611;9,054;36,939;36,939;40,275;1474,12;
20191001;0,617;9,05;37,016;37,016;40,477;1479,8;
20191002;0,625;9,103;37,184;37,184;40,748;1499,15;
20191003;0,625;9,225;37,176;37,176;40,814;1508,32;
20191004;0,624;9,265;37,151;37,151;40,801;1506,61;
20191007;0,626;9,305;37,219;37,219;40,846;1492,95;
20191008;0,628;9,306;37,225;37,225;40,789;1506,45;
20191009;0,628;9,28;37,211;37,211;40,834;1507,45;
20191010;0,628;9,272;37,181;37,181;40,918;1495,01;
20191011;0,624;9,236;37,13;37,13;41,012;1484,16;
20191014;0,62;9,233;37,207;37,207;41,034;1491,69;
20191015;0,614;9,216;37,324;37,324;41,172;1481,23;
20191016;0,612;9,197;37,34;37,34;41,348;1489,57;
20191017;0,607;9,196;37,336;37,336;41,529;1492,28;
20191018;0,608;9,204;37,368;37,368;41,706;1491,32;
20191021;0,603;9,233;37,392;37,392;41,675;1483,54;
20191022;0,603;9,259;37,408;37,408;41,605;1487,44;
20191023;0,584;9,274;37,374;37,374;41,599;1492,69;
20191024;0,575;9,28;37,398;37,398;41,544;1502,98;
20191025;0,567;9,29;37,438;37,438;41,491;1506,02;
20191028;0,551;9,329;37,501;37,501;41,619;1492,18;
20191029;0,585;9,294;37,453;37,453;41,614;1490,17;
20191030;0,595;9,347;37,481;37,481;41,716;1490;
20191031;0,585;9,284;37,416;37,416;41,704;1511,74;
20191101;0,585;9,356;37,422;37,422;41,778;1508,42;
20191104;0,592;9,273;37,276;37,276;41,503;1506,98;
20191105;0,593;9,288;37,336;37,336;41,331;1482,91;
20191106;0,595;9,317;37,456;37,456;41,462;1490,63;
20191107;0,599;9,339;37,449;37,449;41,364;1464,74;
20191108;0,605;9,327;37,494;37,494;41,324;1462,82;
20191111;0,604;9,322;37,476;37,476;41,36;1456,41;
20191112;0,601;9,297;37,561;37,561;41,34;1453,28;
20191113;0,606;9,276;37,566;37,566;41,34;1463,47;
20191114;0,603;9,278;37,67;37,67;41,526;1472,21;
20191115;0,598;9,251;37,653;37,653;41,625;1467,9;
20191118;0,598;9,275;37,656;37,656;41,715;1472,07;
20191119;0,593;9,252;37,656;37,656;41,734;1474,52;
20191120;0,589;9,257;37,678;37,678;41,704;1470,83;
20191121;0,59;9,228;37,743;37,743;41,736;1464,75;
20191122;0,586;9,212;37,77;37,77;41,651;1463,23;
20191125;0,586;9,198;37,804;37,804;41,615;1456,23;
20191126;0,583;9,155;37,903;37,903;41,773;1462,09;
20191127;0,58;9,156;37,996;37,996;41,799;1454,38;
20191128;0,576;9,182;38,012;38,012;41,846;1457,65;
20191129;0,569;9,096;37,84;37,84;41,69;1463,9;
20191202;0,567;9,06;37,69;37,69;41,757;1464,93;
20191203;0,566;9,065;37,618;37,618;41,688;1478,49;
20191204;0,564;9,111;37,811;37,811;41,868;1473,84;
20191205;0,564;9,177;37,811;37,811;41,974;1476,39;
20191206;0,563;9,131;37,713;37,713;41,68;1460,6;
20191209;0,56;9,243;37,802;37,802;41,813;1459,52;
20191210;0,563;9,285;37,977;37,977;42,117;1464,24;
20191211;0,566;9,344;37,937;37,937;42,08;1469,31;
20191212;0,582;9,409;37,826;37,826;42,023;1468,46;
20191213;0,581;9,446;37,784;37,784;42,012;1477,13;
20191216;0,555;9,504;37,729;37,729;42,053;1475,67;
20191217;0,554;9,425;37,699;37,699;42,034;1476,22;
20191218;0,546;9,448;37,696;37,696;41,903;1474,7;
20191219;0,53;9,471;37,598;37,598;41,835;1481,16;
20191220;0,521;9,494;37,501;37,501;41,506;1477,48;
20191223;0,515;9,325;37,087;37,115;41,164;1484,82;
20191224;0,514;9,296;36,972;37;40,994;1490,6;
20191226;0,5;9,376;37,008;37,036;41,143;1512,31;
20191227;0,495;9,432;37,134;37,162;41,553;1513,3;
20191230;0,479;9,452;37,308;37,336;41,829;1515,88;
20200102;0,489;9,416;37,166;37,194;41,544;1526,58;
20200103;0,485;9,445;37,279;37,307;41,657;1549,01;
20200107;0,474;9,392;37,445;37,473;41,756;1572,26;
20200108;0,474;9,393;37,452;37,48;41,642;1555,3;
20200109;0,474;9,376;37,384;37,412;41,557;1553,4;
20200110;0,475;9,345;37,259;37,287;41,467;1559,44;
20200113;0,486;9,36;37,41;37,438;41,704;1549,6;
20200114;0,486;9,3;37,358;37,386;41,616;1546,65;
20200115;0,485;9,341;37,334;37,362;41,664;1555,88;
20200116;0,488;9,376;37,29;37,318;41,542;1549,91;
20200117;0,491;9,334;37,306;37,334;41,415;1560,32;
20200120;0,492;9,324;37,362;37,39;41,462;1560,77;
20200121;0,492;9,307;37,386;37,414;41,503;1557,84;
20200122;0,495;9,266;37,312;37,34;41,399;1557,04;
20200123;0,497;9,228;37,255;37,283;41,196;1561,08;
20200124;0,496;9,191;37,224;37,224;41,053;1573,11;
20200127;0,492;9,223;37,354;37,354;41,144;1579,28;
20200128;0,492;9,229;37,377;37,377;41,161;1570,19;
20200129;0,495;9,255;37,391;37,391;41,132;1569,86;
20200130;0,498;9,303;37,583;37,583;41,473;1584,36;
20200131;0,497;9,313;37,531;37,531;41,588;1585,57;
20200203;0,494;9,299;37,568;37,568;41,562;1576,89;
20200204;0,495;9,303;37,583;37,583;41,497;1551,8;
20200205;0,494;9,301;37,578;37,578;41,336;1558,09;
20200206;0,494;9,301;37,575;37,575;41,233;1566,14;
20200207;0,5;9,315;37,724;37,724;41,281;1572,33;
20200210;0,503;9,345;37,752;37,752;41,199;1576,36;
20200211;0,507;9,304;37,773;37,773;41,246;1567,69;
20200212;0,512;9,292;37,91;37,91;41,237;1567,15;
20200213;0,511;9,304;38,053;38,053;41,259;1576,42;
20200214;0,506;9,27;37,916;37,916;41,118;1583,82;
20200217;0,505;9,245;37,906;37,906;41,066;1581,13;
20200218;0,507;9,257;38,046;38,046;41,09;1600,51;
20200219;0,508;9,194;38,064;38,064;41,096;1609,96;
20200220;0,507;9,13;38,254;38,254;41,288;1618,92;
20200221;0,508;9,138;38,378;38,378;41,657;1644,9;
20200226;0,505;9,083;38,603;38,603;42,025;1646,42;
20200227;0,506;9,06;38,96;38,96;42,817;1645,91;
20200228;0,508;9,063;39,152;39,152;43,085;1572,9;
20200302;0,509;9,009;39,191;39,191;43,755;1593,77;
20200303;0,514;9,094;39,558;39,558;44,252;1645,47;
20200304;0,521;9,224;40,124;40,124;44,664;1636,28;
20200305;0,531;9,328;40,858;40,858;45,759;1667,97;
20200306;0,541;9,507;41,64;41,64;47,039;1674,01;
20200309;0,568;9,818;43,199;43,199;49,487;1678,21;
20200310;0,569;9,827;43,237;43,237;48,817;1652,38;
20200311;0,571;9,8;43,414;43,414;48,952;1635,93;
20200312;0,577;9,922;44,452;44,452;49,662;1576,42;
20200313;0,577;9,834;44,449;44,449;49,216;1520,61;
20200316;0,584;10,12;45,542;45,542;50,809;1502,77;
20200317;0,57;9,784;45,595;45,595;50,161;1527,2;
20200318;0,54;9,672;45,942;45,942;49,767;1485,93;
20200319;0,558;9,744;45,795;45,795;48,861;1467,64;
20200320;0,525;9,81;44,636;44,636;47,586;1483,55;
20200323;0,521;9,954;44,795;44,795;48,067;1551,68;
20200324;0,515;9,951;44,281;44,281;47,644;1623,99;
20200325;0,506;10,003;43,513;43,513;47,318;1611,39;
20200326;0,497;10,05;42,713;42,713;47,153;1631,35;
20200327;0,493;10,442;43,855;43,855;48,681;1621,46;
20200330;0,486;10,174;43,749;43,749;48,24;1613,85;
20200331;0,478;10,24;43,008;43,008;47,356;1584,92;
20200401;0,489;10,477;44,003;44,003;48,049;1584,18;
20200402;0,491;10,654;44,213;44,213;47,969;1616,72;
20200403;0,496;10,752;44,622;44,622;48,288;1623,85;
20200406;0,485;10,389;43,635;43,635;47,117;1659,3;
20200407;0,489;10,247;43,037;43,037;46,93;1646,31;
20200408;0,49;10,273;43,147;43,147;46,901;1650,69;
20200413;0,512;10,238;43,51;43,51;47,528;1721,37;
20200414;0,5;10,227;43,465;43,465;47,725;1724,16;
20200415;0,514;10,282;43,699;43,699;47,781;1721,11;
20200416;0,494;10,118;43,507;43,507;47,186;1715,87;
20200417;0,482;9,974;43,389;43,389;47,164;1685,09;
20200420;0,455;9,819;43,202;43,202;46,937;1691,67;
20200421;0,455;9,402;43,248;43,248;46,935;1680,82;
20200422;0,431;8,986;43,135;43,135;46,674;1716,42;
20200423;0,432;8,992;43,16;43,16;46,537;1729,07;
20200424;0,437;8,919;43,702;43,702;47,194;1724,63;
20200427;0,414;8,692;43,459;43,459;47,079;1713,28;
20200428;0,391;8,597;42,986;42,986;46,586;1707,64;
20200429;0,386;8,488;42,438;42,438;46,128;1704,21;
20200430;0,384;8,624;42,257;42,257;46,288;1685,29;
20200504;0,356;8,813;42,744;42,744;46,619;1707,72;
20200505;0,387;8,681;42,536;42,536;46,16;1707,59;
20200506;0,392;8,799;43,117;43,117;46,573;1689,79;
20200507;0,401;8,832;44,161;44,161;47,802;1718,8;
20200508;0,401;8,812;44,062;44,062;47,774;1705,62;
20200511;0,379;8,725;43,625;43,625;47,148;1696,34;
20200512;0,379;8,717;43,584;43,584;47,304;1703,17;
20200513;0,382;8,783;43,915;43,915;47,512;1714,37;
20200514;0,367;8,48;44,098;44,098;47,551;1731,86;
20200515;0,352;8,472;44,052;44,052;47,625;1743,67;
20200519;0,335;8,382;43,584;43,584;47,701;1745,59;
20200520;0,375;8,296;43,14;43,14;47,394;1750,96;
20200521;0,375;8,224;43,174;43,174;47,301;1724,28;
20200522;0,377;8,187;43,391;43,391;47,296;1735,71;
20200525;0,376;8,314;43,231;43,231;47,109;1728,16;
20200526;0,373;8,337;42,937;42,937;47,214;1712,09;
20200527;0,376;8,389;43,203;43,203;47,465;1713,91;
20200528;0,377;8,329;43,311;43,311;48,025;1715,55;
20200529;0,377;8,328;43,308;43,308;48,031;1734,64;
20200601;0,377;8,329;43,312;43,312;48,226;1738,44;
20200602;0,375;8,284;43,077;43,077;48,128;1728,64;
20200603;0,39;8,499;42,922;42,922;48,229;1697,02;
20200604;0,374;8,423;42,955;42,955;48,756;1717,77;
20200605;0,387;8,427;42,557;42,557;48,066;1682,38;
20200608;0,369;8,497;42,484;42,484;48,022;1698,97;
20200609;0,37;8,678;42,522;42,522;48,237;1713,45;
20200610;0,372;8,564;42,822;42,822;48,755;1727,24;
20200611;0,374;8,6;42,999;42,999;48,6;1727,83;
20200612;0,372;8,549;42,745;42,745;48,026;1732,06;
20200615;0,373;8,496;42,907;42,907;48,569;1726,78;
20200616;0,371;8,522;42,609;42,609;48,027;1725,69;
20200617;0,386;8,41;42,468;42,468;47,698;1726,9;
20200618;0,407;8,456;42,705;42,705;47,86;1724,68;
20200622;0,385;8,378;42,31;42,31;47,643;1757,41;
20200623;0,402;8,349;42,164;42,164;47,704;1766,43;
20200624;0,421;8,345;42,143;42,143;47,449;1765,14;
20200625;0,421;8,249;42,07;42,07;47,19;1763,13;
20200626;0,421;8,167;42,058;42,058;47,229;1767,32;
20200629;0,421;8,247;42,062;42,062;47,253;1771,24;
20200630;0,422;8,277;42,212;42,212;47,425;1782,49;
20200701;0,422;8,27;42,175;42,175;47,428;1770,89;
20200702;0,424;8,403;42,437;42,437;47,667;1777,08;
20200703;0,428;8,391;42,793;42,793;48,116;1777,2;
20200706;0,432;8,463;43,163;43,163;48,835;1786,14;
20200707;0,435;8,53;43,503;43,503;49,093;1796,18;
20200708;0,437;8,644;43,653;43,653;49,483;1808,83;
20200709;0,416;8,643;43,647;43,647;49,293;1803,9;
20200710;0,416;8,644;43,653;43,653;49,341;1798,46;
20200713;0,397;8,568;43,699;43,699;49,605;1806,77;
20200714;0,398;8,508;43,815;43,815;49,918;1807,5;
20200715;0,382;8,447;43,924;43,924;50,098;1811,66;
20200716;0,382;8,527;43,913;43,913;49,971;1797,01;
20200717;0,38;8,49;43,723;43,723;50,006;1810,86;
20200720;0,377;8,419;43,36;43,36;49,615;1817,63;
20200721;0,359;8,447;43,082;43,082;49,667;1841,92;
20200722;0,341;8,44;42,622;42,622;49,307;1866,93;
20200723;0,34;8,422;42,532;42,532;49,378;1888,42;
20200724;0,338;8,286;42,257;42,257;49,185;1901,39;
20200727;0,339;8,312;42,392;42,392;49,813;1935,97;
20200728;0,339;8,31;42,379;42,379;49,67;1955,04;
20200729;0,34;8,334;42,505;42,505;50,009;1958,28;
20200730;0,34;8,424;42,541;42,541;50,337;1953,76;
20200731;0,339;8,391;42,376;42,376;49,955;1971,1;
20200803;0,328;8,283;42,655;42,655;50,173;1975,55;
20200804;0,342;8,305;42,771;42,771;50,395;2003,62;
20200805;0,338;8,263;42,553;42,553;50,472;2040,22;
20200806;0,342;8,295;42,718;42,718;50,728;2060,41;
20200807;0,341;8,28;42,642;42,642;50,245;2033,8;
20200810;0,34;8,166;42,461;42,461;49,841;2023,16;
20200811;0,34;8,243;42,453;42,453;49,812;1922,74;
20200812;0,34;8,259;42,534;42,534;50,133;1929,7;
20200813;0,34;8,254;42,506;42,506;50,159;1951,59;
20200814;0,34;8,252;42,5;42,5;50,314;1942,97;
20200817;0,342;8,296;42,722;42,722;50,69;1980,43;
20200818;0,341;8,274;42,612;42,612;50,864;2003,83;
20200819;0,343;8,325;42,874;42,874;50,84;1945,94;
20200820;0,346;8,227;43,192;43,192;51,198;1949,86;
20200821;0,33;8,101;42,937;42,937;50,618;1939,2;
20200824;0,329;8,148;42,779;42,779;50,447;1928,05;
20200826;0,328;8,134;42,702;42,702;50,455;1946,3;
20200827;0,328;8,124;42,65;42,65;50,436;1931,67;
20200828;0,327;8,095;42,501;42,501;50,517;1965,35;
20200831;0,328;8,19;42,587;42,587;50,828;1971,33;
20200901;0,327;8,253;42,502;42,502;50,611;1965,83;
20200902;0,328;8,206;42,673;42,673;50,457;1941,74;
20200903;0,328;8,191;42,593;42,593;50,526;1935,67;
20200904;0,326;8,162;42,444;42,444;50,298;1936,21;
20200907;0,34;8,163;42,45;42,45;50,148;1929,65;
20200908;0,34;8,184;42,558;42,558;50,127;1930,9;
20200909;0,34;8,177;42,52;42,52;50,206;1949,7;
20200910;0,34;8,257;42,524;42,524;50,28;1948,04;
20200911;0,34;8,172;42,492;42,492;50,274;1941,23;
20200914;0,34;8,171;42,488;42,488;50,41;1956,45;
20200915;0,326;8,162;42,442;42,442;50,302;1955,79;
20200916;0,314;8,16;42,434;42,434;50,096;1960,29;
20200917;0,314;8,163;42,45;42,45;50,25;1944,5;
20200918;0,314;8,083;42,437;42,437;50,307;1952,45;
20200921;0,315;8,096;42,504;42,504;50,036;1911,44;
20200922;0,314;8,158;42,422;42,422;49,659;1904,88;
20200923;0,314;8,071;42,373;42,373;49,396;1863,25;
20200924;0,314;8,084;42,439;42,439;49,518;1864,45;
20200925;0,304;7,948;42,522;42,522;49,447;1865,59;
20200928;0,303;7,865;42,472;42,472;49,546;1882,09;
20200929;0,303;7,795;42,483;42,483;49,869;1896,95;
20200930;0,304;7,812;42,575;42,575;49,904;1890,39;
20201001;0,304;7,804;42,533;42,533;49,961;1909,5;
20201002;0,304;7,809;42,557;42,557;49,845;1903,19;
20201005;0,304;7,797;42,495;42,495;50,044;1913,67;
20201006;0,304;7,796;42,49;42,49;49,93;1894,02;
20201007;0,304;7,8;42,512;42,512;50,03;1886,53;
20201008;0,293;7,881;42,555;42,555;50,036;1892,66;
20201009;0,294;7,883;42,566;42,566;50,334;1928,39;
20201013;0,284;7,821;42,624;42,624;50,064;1893,32;
20201014;0,284;7,828;42,66;42,66;50,128;1902,61;
20201015;0,285;7,854;42,805;42,805;50,071;1906,05;
20201016;0,268;7,799;42,892;42,892;50,259;1902,24;
20201019;0,252;7,779;42,784;42,784;50,361;1903,93;
20201020;0,251;7,838;42,715;42,715;50,525;1911,7;
20201021;0,251;7,76;42,679;42,679;50,63;1923,24;
20201022;0,244;7,687;42,665;42,665;50,422;1904,89;
20201023;0,244;7,688;42,667;42,667;50,607;1904,08;
20201026;0,237;7,62;42,674;42,674;50,422;1902,76;
20201027;0,251;7,623;42,686;42,686;50,425;1908,38;
20201028;0,238;7,65;42,842;42,842;50,35;1877,36;
20201029;0,246;7,616;43,033;43,033;50,228;1870,06;
20201030;0,253;7,544;43,003;43,003;50,081;1879,74;
20201103;0,268;7,513;42,826;42,826;50,113;1905,47;
20201104;0,268;7,586;42,862;42,862;50,232;1898,44;
20201105;0,267;7,701;42,741;42,741;50,492;1948,31;
20201106;0,276;7,773;42,751;42,751;50,795;1953,88;
20201109;0,284;7,876;42,529;42,529;50,235;1860,29;
20201110;0,294;7,907;42,698;42,698;50,456;1876,87;
20201111;0,295;7,922;42,78;42,78;50,367;1864,68;
20201112;0,276;7,934;42,842;42,842;50,588;1876,71;
20201113;0,269;7,956;42,961;42,961;50,804;1885,47;
20201116;0,286;7,934;42,845;42,845;50,726;1887,06;
20201117;0,285;7,916;42,746;42,746;50,733;1886,03;
20201118;0,284;7,829;42,669;42,669;50,631;1872,95;
20201119;0,285;7,929;42,814;42,814;50,769;1864,23;
20201120;0,285;7,925;42,794;42,794;50,747;1874,17;
20201123;0,285;7,903;42,676;42,676;50,535;1839,01;
20201124;0,284;7,893;42,62;42,62;50,63;1805,23;
20201125;0,284;7,751;42,633;42,633;50,791;1806,02;
20201126;0,294;7,896;42,636;42,636;50,794;1810,35;
20201127;0,294;7,894;42,625;42,625;50,965;1788,53;
20201130;0,304;7,802;42,521;42,521;50,819;1779,95;
20201201;0,314;7,998;42,39;42,39;51,05;1814,22;
20201202;0,315;8,032;42,57;42,57;51,486;1828,83;
20201203;0,305;8,12;42,631;42,631;51,748;1838,05;
20201204;0,304;8,12;42,629;42,629;51,754;1835,79;
20201207;0,294;8,347;42,651;42,651;51,714;1862,08;
20201208;0,316;8,206;42,671;42,671;51,649;1871,48;
20201209;0,327;8,186;42,566;42,566;51,347;1829,19;
20201210;0,339;8,32;42,433;42,433;51,459;1833,73;
20201211;0,327;8,323;42,446;42,446;51,415;1839,62;
20201214;0,353;8,391;42,373;42,373;51,485;1828,05;
20201215;0,386;8,403;42,434;42,434;51,557;1851,84;
20201216;0,386;8,485;42,425;42,425;51,638;1856,94;
20201217;0,403;8,47;42,35;42,35;51,955;1884,45;
20201218;0,421;8,426;42,128;42,128;51,567;1882,01;
20201221;0,367;8,439;42,194;42,194;51,664;1877,78;
20201222;0,367;8,366;42,246;42,246;51,384;1862,2;
20201223;0,353;8,379;42,315;42,315;51,546;1873,84;
20201224;0,352;8,363;42,233;42,233;51,493;1873,66;
20201228;0,324;8,265;42,149;42,149;51,458;1876,27;
20201229;0,324;8,263;42,143;42,143;51,613;1877,68;
20201230;0,302;8,468;42,34;42,34;52,044;1890,66;
20210104;0,337;8,186;42,16;42,16;51,642;1942,62;
20210105;0,326;8,383;42,332;42,332;52,049;1951,64;
20210107;0,327;8,251;42,492;42,492;52,157;1915,26;
20210108;0,354;8,491;42,454;42,454;51,826;1839,72;
20210111;0,328;8,439;42,619;42,619;51,848;1847,41;
20210112;0,327;8,411;42,477;42,477;51,769;1847,8;
20210113;0,326;8,4;42,422;42,422;51,572;1855,71;
20210114;0,326;8,394;42,388;42,388;51,516;1848,92;
20210115;0,326;8,386;42,351;42,351;51,162;1828,65;
20210118;0,353;8,297;42,317;42,317;51,096;1837,61;
20210119;0,384;8,365;42,241;42,241;51,198;1840,71;
20210120;0,351;8,255;42,098;42,098;50,974;1867,86;
20210121;0,351;8,268;42,169;42,169;51,252;1867,34;
20210122;0,367;8,266;42,156;42,156;51,302;1856,89;
20210125;0,383;8,171;42,079;42,079;51,097;1856,66;
20210126;0,381;8,065;41,94;41,94;51,016;1851,94;
20210127;0,384;8,113;42,188;42,188;51,111;1845,8;
20210128;0,385;8,137;42,311;42,311;51,342;1840,81;
20210129;0,384;7,977;42,278;42,278;51,302;1853,48;
20210201;0,403;7,975;42,27;42,27;51,009;1860,58;
20210202;0,423;7,984;42,313;42,313;50,858;1835,35;
20210203;0,424;8,081;42,423;42,423;51,014;1834,05;
20210204;0,426;8,118;42,621;42,621;50,988;1792,59;
20210205;0,387;8,108;42,566;42,566;51,26;1810,82;
20210208;0,386;8,098;42,513;42,513;51,228;1831,11;
20210209;0,387;8,113;42,595;42,595;51,563;1835,42;
20210210;0,388;8,135;42,708;42,708;51,803;1843,16;
20210211;0,371;8,124;42,651;42,651;51,74;1825,88;
20210212;0,371;8,117;42,612;42,612;51,65;1822,02;
20210217;0,357;8,076;42,804;42,804;51,528;1775,73;
20210218;0,357;8,084;42,843;42,843;51,761;1774,49;
20210219;0,357;8,085;42,849;42,849;51,901;1780,56;
20210222;0,359;8,121;43,039;43,039;52,361;1809,06;
20210223;0,358;8,109;42,98;42,98;52,234;1803,83;
20210224;0,359;8,122;43,049;43,049;52,281;1797,46;
20210225;0,36;8,067;43,157;43,157;52,55;1778,28;
20210226;0,36;8,064;43,145;43,145;52,13;1729,83;
20210301;0,36;8,065;43,15;43,15;51,974;1724,25;
20210302;0,361;8,023;43,326;43,326;52,362;1737,55;
20210303;0,351;7,988;43,936;43,936;53,042;1719,28;
20210304;0,351;8,13;43,903;43,903;52,548;1692,11;
20210305;0,354;8,13;44,31;44,31;52,791;1699,26;
20210308;0,357;8,254;44,574;44,574;52,838;1680,84;
20210309;0,357;8,191;44,64;44,64;53,097;1716,51;
20210310;0,356;8,172;44,537;44,537;53,059;1723,37;
20210311;0,355;8,139;44,356;44,356;53,176;1724,9;
20210312;0,356;8,171;44,534;44,534;53,227;1724,51;
20210315;0,371;8,241;44,502;44,502;53,073;1728,77;
20210316;0,371;8,24;44,494;44,494;52,963;1730,64;
20210317;0,357;8,26;44,603;44,603;53,428;1748,2;
20210318;0,37;8,211;44,34;44,34;52,829;1734,63;
20210319;0,369;8,202;44,292;44,292;52,734;1743,2;
20210322;0,354;8,191;44,234;44,234;52,824;1739,55;
20210323;0,353;8,174;44,139;44,139;52,318;1727,49;
20210324;0,351;8,192;44,235;44,235;52,286;1734,35;
20210325;0,352;8,22;44,387;44,387;52,281;1730,82;
20210326;0,356;8,168;44,518;44,518;52,485;1731,6;
20210329;0,356;8,245;44,521;44,521;52,375;1710,91;
20210330;0,355;8,139;44,359;44,359;51,991;1682,36;
20210331;0,353;8,183;44,187;44,187;51,834;1708,14;
20210405;0,354;8,189;44,219;44,219;52,229;1726,31;
20210406;0,354;8,194;44,247;44,247;52,528;1743,99;
20210407;0,352;8,153;44,027;44,027;52,249;1739,53;
20210408;0,352;8,214;43,944;43,944;52,37;1755,16;
20210409;0,353;8,242;44,093;44,093;52,488;1743,4;
20210412;0,362;8,259;44,187;44,187;52,605;1730,6;
20210413;0,354;8,199;44,273;44,273;52,893;1745,77;
20210414;0,368;8,172;44,13;44,13;52,824;1736,47;
20210415;0,367;8,24;44,086;44,086;52,789;1766,86;
20210416;0,369;8,277;44,281;44,281;53,042;1778,63;
20210420;0,368;8,259;44,184;44,184;53,156;1777,9;
20210421;0,368;8,258;44,18;44,18;53,146;1793,69;
20210422;0,353;8,317;44,081;44,081;52,917;1782,3;
20210423;0,352;8,236;44,061;44,061;53,281;1776,54;
20210426;0,367;8,312;44,056;44,056;53,275;1780,39;
20210427;0,352;8,311;44,05;44,05;53,243;1777,18;
20210428;0,352;8,295;43,964;43,964;53,304;1781,26;
20210429;0,337;8,271;43,836;43,836;53,156;1773,31;
20210430;0,337;8,265;43,802;43,802;52,641;1768,11;
20210503;0,351;8,199;43,867;43,867;52,928;1793,04;
20210504;0,352;8,229;44,025;44,025;52,876;1777,51;
20210505;0,353;8,32;44,097;44,097;52,914;1784,38;
20210506;0,352;8,297;43,973;43,973;53,007;1813,16;
20210507;0,351;8,351;43,845;43,845;53,333;1830,72;
20210510;0,352;8,375;43,969;43,969;53,403;1836,7;
20210511;0,352;8,457;43,976;43,976;53,424;1835,38;
20210512;0,352;8,472;44,056;44,056;53,226;1820,73;
20210513;0,353;8,494;44,169;44,169;53,343;1825,74;
20210514;0,353;8,497;44,182;44,182;53,646;1842,15;
20210518;0,352;8,472;44,053;44,053;53,875;1869,41;
20210519;0,34;8,491;44,151;44,151;53,736;1866,27;
20210520;0,339;8,391;44,051;44,051;53,826;1874,72;
20210521;0,339;8,401;44,105;44,105;53,72;1880,67;
20210524;0,352;8,455;43,966;43,966;53,698;1883,01;
20210525;0,351;8,369;43,937;43,937;53,832;1898,93;
20210526;0,351;8,353;43,851;43,851;53,472;1895,89;
20210527;0,35;8,339;43,78;43,78;53,407;1897,95;
20210528;0,351;8,432;43,847;43,847;53,476;1901,65;
20210531;0,337;8,422;43,794;43,794;53,549;1906,88;
20210601;0,336;8,482;43,68;43,68;53,408;1900,69;
20210602;0,336;8,472;43,63;43,63;53,274;1907,73;
20210603;0,336;8,568;43,699;43,699;52,989;1872,11;
20210604;0,335;8,547;43,591;43,591;53,026;1891,64;
20210607;0,335;8,543;43,567;43,567;53,126;1899,22;
20210608;0,335;8,619;43,526;43,526;53,017;1893,36;
20210609;0,335;8,626;43,561;43,561;53,057;1890,95;
20210610;0,335;8,632;43,593;43,593;53,061;1896,18;
20210611;0,336;8,651;43,69;43,69;52,867;1877,04;
20210614;0,336;8,64;43,634;43,634;52,874;1864,66;
20210615;0,336;8,642;43,644;43,644;52,921;1857,49;
20210616;0,336;8,646;43,662;43,662;52,521;1837,53;
20210617;0,337;8,668;43,775;43,775;52,165;1779,19;
20210618;0,337;8,763;43,813;43,813;52,021;1769,24;
20210621;0,336;8,737;43,686;43,686;52,037;1784,21;
20210622;0,335;8,717;43,583;43,583;52,029;1781,13;
20210623;0,334;8,772;43,422;43,422;51,8;1778,68;
20210624;0,334;8,779;43,458;43,458;51,861;1776,9;
20210625;0,334;8,784;43,481;43,481;51,882;1778,49;
20210628;0,335;8,797;43,547;43,547;51,923;1778,93;
20210629;0,334;8,782;43,47;43,47;51,714;1761,95;
20210630;0,335;8,803;43,577;43,577;51,628;1769,31;
20210701;0,336;8,731;43,655;43,655;51,694;1775,08;
20210702;0,337;8,756;43,781;43,781;51,955;1790,02;
20210705;0,337;8,749;43,747;43,747;51,926;1791,83;
20210706;0,338;8,777;43,884;43,884;51,886;1797,04;
20210707;0,339;8,717;44,021;44,021;51,973;1803,98;
20210708;0,339;8,717;44,023;44,023;52,13;1799,76;
20210709;0,337;8,683;43,849;43,849;52,071;1811,32;
20210712;0,314;8,784;43,919;43,919;52,075;1806,34;
20210713;0,314;8,791;43,956;43,956;51,793;1807,78;
20210714;0,313;8,767;43,836;43,836;51,856;1824,92;
20210715;0,313;8,862;43,865;43,865;51,794;1828,72;
20210716;0,314;8,779;43,897;43,897;51,849;1813,9;
20210719;0,314;8,798;43,992;43,992;51,895;1807,71;
20210720;0,314;8,78;43,9;43,9;51,732;1809,01;
20210721;0,313;8,762;43,812;43,812;51,7;1804,52;
20210722;0,312;8,748;43,741;43,741;51,49;1807,19;
20210723;0,312;8,749;43,743;43,743;51,488;1801,66;
20210726;0,313;8,757;43,786;43,786;51,67;1797,06;
20210727;0,313;8,758;43,792;43,792;51,778;1800;
20210728;0,324;8,758;43,789;43,789;51,827;1802,7;
20210729;0,323;8,729;43,643;43,643;51,896;1830,93;
20210730;0,324;8,741;43,704;43,704;51,818;1811,53;
20210802;0,323;8,714;43,57;43,57;51,737;1815,92;
20210803;0,312;8,642;43,641;43,641;51,769;1810,02;
20210804;0,312;8,652;43,695;43,695;51,733;1811,19;
20210805;0,312;8,734;43,668;43,668;51,683;1803,68;
20210806;0,312;8,741;43,703;43,703;51,397;1764,08;
20210809;0,312;8,644;43,652;43,652;51,252;1728,39;
20210810;0,312;8,643;43,649;43,649;51,163;1729,94;
20210811;0,311;8,627;43,568;43,568;51,147;1751,74;
20210812;0,31;8,583;43,343;43,343;50,848;1752,22;
20210813;0,309;8,58;43,328;43,328;51,105;1776,33;
20210816;0,309;8,568;43,268;43,268;50,955;1788,01;
20210817;0,309;8,555;43,203;43,203;50,593;1782,91;
20210818;0,308;8,524;43,129;43,129;50,508;1786,28;
20210819;0,309;8,472;43,206;43,206;50,45;1779,22;
20210820;0,309;8,475;43,225;43,225;50,558;1782,72;
20210823;0,307;8,425;42,965;42,965;50,484;1804,93;
20210824;0,306;8,394;42,811;42,811;50,327;1805,96;
20210826;0,284;8,436;42,603;42,603;50,071;1791,37;
20210827;0,284;8,339;42,53;42,53;50,162;1817,37;
20210830;0,283;8,32;42,434;42,434;50,089;1810,83;
20210831;0,283;8,326;42,464;42,464;50,154;1815,13;
20210901;0,284;8,341;42,541;42,541;50,394;1813,37;
20210902;0,266;8,349;42,582;42,582;50,562;1809,54;
20210903;0,267;8,37;42,688;42,688;50,741;1830,11;
20210906;0,284;8,43;42,572;42,572;50,531;1823,31;
20210907;0,284;8,434;42,589;42,589;50,449;1796,32;
20210908;0,285;8,372;42,699;42,699;50,485;1790,91;
20210909;0,285;8,37;42,685;42,685;50,494;1794,78;
20210910;0,285;8,381;42,744;42,744;50,508;1790,18;
20210913;0,267;8,381;42,741;42,741;50,452;1793,13;
20210914;0,267;8,366;42,668;42,668;50,385;1803,13;
20210915;0,267;8,362;42,645;42,645;50,353;1793,31;
20210916;0,266;8,355;42,611;42,611;50,089;1754,07;
20210917;0,267;8,372;42,699;42,699;50,088;1753,53;
20210920;0,268;8,319;42,841;42,841;50,233;1761,96;
20210921;0,267;8,299;42,739;42,739;50,118;1775,35;
20210922;0,266;8,358;42,625;42,625;49,861;1766,67;
20210923;0,266;8,352;42,596;42,596;50,035;1750,86;
20210924;0,267;8,289;42,689;42,689;50,012;1747,09;
20210927;0,267;8,29;42,692;42,692;49,95;1750,48;
20210928;0,268;8,314;42,816;42,816;49,998;1734,92;
20210929;0,277;8,327;42,884;42,884;49,752;1725,45;
20210930;0,277;8,338;42,94;42,94;49,744;1756,87;
20211001;0,286;8,338;42,942;42,942;49,798;1758,21;
20211004;0,287;8,348;42,994;42,994;49,976;1766,35;
20211005;0,287;8,356;43,034;43,034;49,909;1762,14;
20211006;0,289;8,407;43,295;43,295;50,004;1763,71;
20211007;0,299;8,407;43,296;43,296;50,016;1755,69;
20211008;0,28;8,431;43,419;43,419;50,264;1758,11;
20211012;0,291;8,454;43,623;43,623;50,3;1759,4;
20211013;0,292;8,483;43,774;43,774;50,73;1793,53;
20211014;0,293;8,508;43,9;43,9;50,92;1798,78;
20211015;0,283;8,522;43,889;43,889;50,935;1767,41;
20211018;0,282;8,498;43,764;43,764;50,808;1765,49;
20211019;0,283;8,491;43,812;43,812;50,993;1770,5;
20211020;0,282;8,485;43,785;43,785;51,021;1784,92;
20211021;0,283;8,491;43,896;43,896;51,023;1780,91;
20211022;0,274;8,438;43,878;43,878;51,059;1793,34;
20211025;0,273;8,318;43,669;43,669;50,713;1808,23;
20211026;0,272;8,293;43,54;43,54;50,496;1793,82;
20211027;0,273;8,4;43,68;43,68;50,708;1797,55;
20211028;0,275;8,372;43,953;43,953;51,353;1801,09;
20211029;0,276;8,399;44,181;44,181;51,069;1782,38;
20211101;0,268;8,335;44,175;44,175;51,265;1792,11;
20211103;0,252;8,253;44,152;44,152;51,236;1771,92;
20211104;0,259;8,219;43,974;43,974;50,803;1792,45;
20211105;0,249;8,151;43,609;43,609;50,392;1815,77;
20211108;0,249;8,136;43,526;43,526;50,436;1825,65;
20211109;0,235;8,133;43,51;43,51;50,43;1830,31;
20211110;0,236;8,163;43,672;43,672;50,208;1845,27;
20211111;0,243;8,192;43,828;43,828;50,177;1862,17;
20211112;0,238;8,242;44,097;44,097;50,476;1867,32;
20211115;0,238;8,247;44,12;44,12;50,235;1866,02;
20211116;0,238;8,231;44,035;44,035;49,883;1851,22;
20211117;0,238;8,244;44,105;44,105;49,914;1865,25;
20211118;0,233;8,26;44,192;44,192;50,235;1859,43;
20211119;0,232;8,231;44,12;44,12;49,798;1849,28;
20211122;0,238;8,152;44,022;44,022;49,483;1805,1;
20211123;0,238;8,167;44,104;44,104;49,615;1788,16;
20211124;0,232;8,177;44,158;44,158;49,426;1784,27;
20211125;0,232;8,157;44,05;44,05;49,369;1788,7;
20211126;0,232;8,06;44,169;44,169;49,957;1803,01;
20211129;0,226;8,044;44,001;44,001;49,574;1783,87;
20211130;0,228;8,018;44,1;44,1;49,879;1776,58;
20211201;0,226;8,025;44,14;44,14;50;1783,35;
20211202;0,226;8,028;44,154;44,154;49,912;1765,23;
20211203;0,226;8,027;44,146;44,146;49,993;1784,32;
20211206;0,226;8,072;44,152;44,152;49,808;1778,77;
20211207;0,229;8,078;44,187;44,187;49,721;1784,02;
20211208;0,231;8,105;44,172;44,172;50,113;1784,52;
20211209;0,233;8,11;44,199;44,199;49,91;1777,19;
20211210;0,233;8,121;44,258;44,258;50,076;1782,75;
20211213;0,233;8,129;44,22;44,22;49,947;1787,49;
20211214;0,236;8,124;44,274;44,274;49,872;1771,33;
20211215;0,236;8,066;44,361;44,361;49,951;1762,77;
20211216;0,237;8,114;44,465;44,465;50,337;1796,32;
20211217;0,237;8,11;44,363;44,363;49,924;1802,13;
20211220;0,24;8,105;44,337;44,337;50,017;1793,11;
20211221;0,237;8,134;44,328;44,328;49,973;1788,17;
20211222;0,24;8,144;44,383;44,383;50,266;1802,51;
20211223;0,24;8,147;44,4;44,4;50,305;1808,78;
20211224;0,24;8,147;44,4;44,4;50,263;1810,26;
20211227;0,24;8,159;44,468;44,468;50,362;1807,19;
20211228;0,24;8,185;44,445;44,445;50,243;1810,76;
20211229;0,229;8,259;44,601;44,601;50,58;1805,15;
20211230;0,229;8,308;44,695;44,695;50,532;1813,78;
20220103;0,212;8,339;44,614;44,614;50,392;1802,76;
20220104;0,224;8,36;44,725;44,725;50,448;1814,95;
20220105;0,224;8,361;44,731;44,731;50,725;1824,5;
20220107;0,223;8,321;44,515;44,515;50,562;1795,5;
20220110;0,223;8,397;44,671;44,671;50,579;1800,2;
20220111;0,223;8,421;44,63;44,63;50,729;1819,93;
20220112;0,223;8,424;44,647;44,647;51,072;1826,18;
20220113;0,223;8,407;44,555;44,555;51,053;1820,42;
20220114;0,223;8,413;44,591;44,591;50,881;1817,15;
20220117;0,223;8,408;44,563;44,563;50,838;1818,46;
20220118;0,217;8,41;44,574;44,574;50,516;1814,94;
20220119;0,218;8,422;44,639;44,639;50,65;1841,44;
20220120;0,218;8,417;44,609;44,609;50,491;1841,76;
20220121;0,212;8,403;44,534;44,534;50,522;1832,57;
20220124;0,212;8,403;44,538;44,538;50,459;1841,7;
20220125;0,212;8,392;44,475;44,475;50,246;1851,05;
20220126;0,206;8,357;44,293;44,293;49,985;1829,85;
20220127;0,205;8,316;44,074;44,074;49,123;1794,57;
20220128;0,205;8,333;44,165;44,165;49,259;1786,65;
20220131;0,21;8,331;44,154;44,154;49,598;1798,05;
20220201;0,214;8,316;43,907;43,907;49,393;1801,07;
20220202;0,214;8,353;43,854;43,854;49,595;1809,09;
20220203;0,214;8,338;43,773;43,773;50,096;1805,96;
20220204;0,213;8,331;43,738;43,738;50,113;1808,37;
20220207;0,213;8,313;43,641;43,641;49,864;1820,99;
20220208;0,212;8,277;43,454;43,454;49,638;1828,51;
20220209;0,211;8,314;43,234;43,234;49,427;1834,56;
20220210;0,211;8,467;43,182;43,182;49,448;1832,39;
20220211;0,21;8,441;43,047;43,047;48,878;1858,96;
20220214;0,21;8,449;43,091;43,091;48,738;1866,45;
20220215;0,215;8,53;43,074;43,074;48,911;1854,14;
20220216;0,21;8,603;43,016;43,016;48,942;1866,27;
20220217;0,21;8,611;43,057;43,057;48,93;1897,64;
20220218;0,215;8,657;43,023;43,023;48,747;1896,28;
20220221;0,214;8,658;42,859;42,859;48,469;1903,99;
20220222;0,213;8,613;42,634;42,634;48,292;1903,38;
20220223;0,211;8,539;42,268;42,268;47,803;1908,65;
20220224;0,215;8,692;43,025;43,025;48,147;1919,51;
20220225;0,216;8,593;42,533;42,533;47,877;1887,33;
20220302;0,217;8,543;42,715;42,715;47,523;1923,53;
20220303;0,218;8,515;42,574;42,574;47,106;1934,18;
20220304;0,219;8,584;42,661;42,661;46,639;1965,43;
20220307;0,219;8,644;42,786;42,786;46,558;1992,71;
20220308;0,219;8,636;42,75;42,75;46,664;2045,01;
20220309;0,23;8,682;42,543;42,543;47,076;1983,4;
20220310;0,227;8,695;42,604;42,604;46,815;1997,51;
20220311;0,227;8,695;42,604;42,604;46,479;1983,45;
20220314;0,231;8,623;42,684;42,684;46,767;1951,97;
20220315;0,231;8,611;42,799;42,799;46,811;1921,62;
20220316;0,231;8,617;42,652;42,652;46,924;1916,39;
20220317;0,236;8,587;42,507;42,507;47,191;1940,76;
20220318;0,237;8,609;42,617;42,617;47,102;1922,11;
20220321;0,234;8,643;42,523;42,523;46,848;1936,51;
20220322;0,235;8,637;42,322;42,322;46,647;1923,98;
20220323;0,234;8,671;42,052;42,052;46,297;1938,59;
20220324;0,232;8,67;41,789;41,789;45,966;1961,59;
20220325;0,23;8,641;41,478;41,478;45,57;1953,47;
20220328;0,23;8,654;41,365;41,365;45,45;1927,34;
20220329;0,229;8,593;41,244;41,244;45,733;1916,68;
20220330;0,228;8,535;40,969;40,969;45,724;1932,59;
20220331;0,228;8,566;41,115;41,115;45,533;1942,27;
20220401;0,228;8,657;41,119;41,119;45,406;1923,31;
20220404;0,23;8,805;41,383;41,383;45,403;1931,85;
20220405;0,234;9,006;41,428;41,428;45,177;1924,16;
20220406;0,239;9,174;41,74;41,74;45,503;1924,34;
20220407;0,247;9,346;42,059;42,059;45,762;1933,71;
20220408;0,245;9,252;41,633;41,633;45,303;1942,94;
20220411;0,244;9,212;41,453;41,453;45,149;1949,95;
20220412;0,243;9,179;41,304;41,304;44,73;1965,02;
20220413;0,243;9,065;41,247;41,247;44,899;1976,66;
20220419;0,235;8,845;41,128;41,128;44,379;1953,18;
20220420;0,233;8,717;40,796;40,796;44,233;1951,68;
20220421;0,225;8,574;40,126;40,126;43,495;1951,87;
20220422;0,222;8,521;40,049;40,049;43,195;1932,92;
20220425;0,22;8,569;40,701;40,701;43,589;1898,85;
20220426;0,221;8,559;40,91;40,91;43,547;1898,74;
20220427;0,224;8,634;41,444;41,444;43,767;1886,53;
20220428;0,223;8,611;41,335;41,335;43,42;1892,64;
20220429;0,215;8,418;40,827;40,827;43,156;1910,59;
20220502;0,218;8,352;40,926;40,926;42,952;1861,46;
20220503;0,216;8,388;41,1;41,1;43,26;1869,63;
20220504;0,217;8,421;41,261;41,261;43,728;1884,33;
20220505;0,222;8,467;41,49;41,49;43,65;1878;
20220506;0,221;8,471;41,595;41,595;43,86;1882,87;
20220509;0,222;8,357;41,786;41,786;44,159;1855,62;
20220510;0,219;8,297;41,653;41,653;43,871;1841,2;
20220511;0,219;8,276;41,548;41,548;43,715;1852,52;
20220512;0,22;8,301;41,753;41,753;43,317;1822,84;
20220513;0,218;8,272;41,442;41,442;43,123;1808,68;
20220517;0,214;8,12;40,6;40,6;42,815;1816,73;
20220518;0,213;8,178;40,481;40,481;42,402;1820,43;
20220519;0,212;8,148;40,331;40,331;42,757;1840,5;
20220520;0,221;8,153;40,194;40,194;42,403;1842,97;
20220523;0,211;8,163;40,001;40,001;42,771;1856,79;
20220524;0,21;8,195;39,912;39,912;42,814;1864,62;
20220525;0,211;8,173;40,046;40,046;42,805;1854,64;
20220526;0,21;8,14;39,884;39,884;42,758;1851,84;
20220527;0,21;8,124;39,81;39,81;42,726;1853,24;
20220530;0,212;8,239;40,205;40,205;43,351;1859,01;
20220531;0,21;8,16;39,902;39,902;42,839;1840,29;
20220601;0,211;8,17;40,033;40,033;42,649;1848,67;
20220602;0,211;8,165;40,009;40,009;42,972;1869,6;
20220603;0,21;8,138;39,876;39,876;42,743;1850,28;
20220606;0,209;8,1;39,689;39,689;42,426;1841,78;
20220607;0,209;8,009;39,647;39,647;42,456;1854,69;
20220608;0,202;7,976;39,48;39,48;42,305;1853,36;
20220609;0,202;7,955;39,376;39,376;41,839;1849,95;
20220610;0,203;7,995;39,575;39,575;41,643;1873,52;
20220613;0,205;8,019;40,097;40,097;41,787;1824,71;
20220614;0,2;7,929;40,041;40,041;41,681;1807,39;
20220615;0,2;7,937;40,084;40,084;41,804;1834,24;
20220616;0,2;7,93;40,044;40,044;42,349;1848,65;
20220617;0,196;7,864;40,105;40,105;42,084;1835,59;
20220620;0,195;7,846;40,015;40,015;42,022;1838,88;
20220621;0,194;7,807;39,814;39,814;41,93;1831,08;
20220622;0,194;7,766;39,84;39,84;42,097;1837,87;
20220623;0,194;7,728;39,722;39,722;41,782;1825,56;
20220624;0,194;7,638;39,716;39,716;41,894;1828,61;
20220627;0,193;7,592;39,478;39,478;41,784;1823,97;
20220628;0,186;7,514;39,074;39,074;41,12;1820,38;
20220629;0,184;7,619;39,468;39,468;41,207;1817,74;
20220630;0,181;7,696;39,863;39,863;41,778;1806,72;
20220701;0,178;7,684;39,955;39,955;41,651;1808,48;
20220704;0,174;7,683;39,95;39,95;41,646;1808,15;
20220705;0,177;7,727;40,178;40,178;41,225;1765,74;
20220706;0,179;7,692;40,228;40,228;40,95;1739,22;
20220707;0,179;7,699;40,265;40,265;40,903;1739,97;
20220708;0,179;7,705;40,298;40,298;40,997;1742,05;
20220711;0,18;7,797;40,546;40,546;40,812;1735,22;
20220712;0,182;7,856;41,006;41,006;41,193;1728,61;
20220713;0,179;7,869;41,074;41,074;41,335;1735,17;
20220714;0,163;7,945;41,951;41,951;42,075;1710,92;
20220715;0,156;8,022;42,116;42,116;42,455;1704,14;
20220719;0,156;7,923;41,993;41,993;42,957;1710,48;
20220720;0,152;7,895;41,844;41,844;42,608;1701,41;
20220721;0,139;7,887;41,801;41,801;42,618;1714,74;
20220722;0,139;7,887;41,801;41,801;42,616;1721,99;
20220725;0,139;7,79;41,676;41,676;42,601;1717;
20220726;0,139;7,789;41,669;41,669;42,175;1717,21;
20220727;0,138;7,833;41,514;41,514;42,355;1735,44;
20220728;0,134;7,752;41,008;41,008;41,74;1753,66;
20220729;0,141;7,753;40,934;40,934;41,835;1764,07;
20220801;0,151;7,79;40,663;40,663;41,69;1769,25;
20220802;0,155;7,872;41,013;41,013;41,721;1766,84;
20220803;0,152;7,747;40,906;40,906;41,546;1762,5;
20220804;0,153;7,714;40,654;40,654;41,664;1794,31;
20220805;0,15;7,692;40,612;40,612;41,325;1772,2;
20220808;0,149;7,653;40,178;40,178;40,933;1787,73;
20220809;0,148;7,695;40,013;40,013;40,831;1794,52;
20220810;0,148;7,784;40,087;40,087;41,306;1789,75;
20220811;0,149;7,819;40,19;40,19;41,482;1788,24;
20220812;0,146;7,746;40,126;40,126;41,183;1800,81;
20220815;0,146;7,8;40,09;40,09;40,725;1779,38;
20220816;0,149;7,809;40,139;40,139;40,815;1776,36;
20220817;0,147;7,855;40,373;40,373;41,122;1767,23;
20220818;0,147;7,881;40,51;40,51;40,887;1759,76;
20220819;0,147;7,877;40,489;40,489;40,621;1746,49;
20220822;0,153;7,835;40,431;40,431;40,17;1737,73;
20220823;0,155;7,854;40,369;40,369;40,214;1746,32;
20220824;0,155;7,922;40,401;40,401;40,246;1749,83;
20220826;0,155;7,926;40,421;40,421;40,282;1737,39;
20220829;0,154;8,025;40,688;40,688;40,653;1737,08;
20220830;0,154;8,042;40,775;40,775;40,883;1724,94;
20220831;0,158;8,063;40,96;40,96;41,146;1712,2;
20220901;0,157;7,999;40,794;40,794;40,576;1695,05;
20220902;0,157;8,016;40,883;40,883;40,734;1712,99;
20220905;0,16;8,063;40,717;40,717;40,426;1710,13;
20220906;0,17;8,044;40,781;40,781;40,408;1700,68;
20220907;0,171;8,025;40,926;40,926;40,852;1714,81;
20220908;0,17;7,996;40,782;40,782;40,756;1707,38;
20220909;0,166;8,06;40,703;40,703;40,88;1715,42;
20220912;0,169;8,197;40,659;40,659;41,137;1726,6;
20220913;0,163;8,202;40,765;40,765;40,675;1703,03;
20220914;0,163;8,216;40,67;40,67;40,587;1695,22;
20220915;0,163;8,237;40,774;40,774;40,752;1663,41;
20220916;0,164;8,196;40,982;40,982;41,009;1675,44;
20220919;0,164;8,197;40,983;40,983;41,042;1671,62;
20220920;0,164;8,188;40,941;40,941;40,82;1664,74;
20220921;0,163;8,135;40,838;40,838;40,387;1683,64;
20220922;0,163;8,109;40,626;40,626;39,937;1670,07;
20220923;0,163;8,157;40,865;40,865;39,523;1640,61;
20220926;0,161;8,074;41,176;41,176;39,589;1626,63;
20220927;0,159;8,088;41,251;41,251;39,578;1629,92;
20220928;0,159;8,105;41,333;41,333;40,256;1661,67;
20220929;0,157;8,076;41,59;41,59;40,723;1659,09;
20220930;0,155;8,104;41,736;41,736;40,937;1662,73;
20221003;0,153;8,161;41,212;41,212;40,431;1697,62;
20221004;0,152;8,191;40,957;40,957;40,943;1726,03;
20221005;0,152;8,196;40,981;40,981;40,53;1716,93;
20221006;0,152;8,269;40,934;40,934;40,093;1713,32;
20221007;0,152;8,294;41,057;41,057;39,979;1697,11;
20221011;0,152;8,3;41,086;41,086;39,86;1666,57;
20221012;0,152;8,226;41,131;41,131;39,879;1672,87;
20221013;0,153;8,333;41,248;41,248;40,351;1666,19;
20221014;0,151;8,323;41,2;41,2;40,061;1642,29;
20221017;0,151;8,324;41,205;41,205;40,575;1650,55;
20221018;0,151;8,341;41,288;41,288;40,66;1649,61;
20221019;0,147;8,248;41,24;41,24;40,281;1628,37;
20221020;0,147;8,241;41,204;41,204;40,318;1628,86;
20221021;0,147;8,243;41,214;41,214;40,581;1653,27;
20221024;0,149;8,241;41,203;41,203;40,711;1651,74;
20221025;0,15;8,152;41,169;41,169;41,002;1653,98;
20221026;0,149;8,114;40,976;40,976;41,296;1664,99;
20221027;0,148;8,072;40,765;40,765;40,616;1658,73;
20221028;0,148;7,955;40,569;40,569;40,389;1643,4;
20221031;0,148;8,041;40,608;40,608;40,131;1634,23;
20221101;0,147;8,106;40,532;40,532;40,044;1649,23;
20221103;0,147;8,156;40,289;40,289;39,3;1631,17;
20221104;0,145;8,137;39,872;39,872;39,667;nan;
20221107;0,145;8,143;39,9;39,9;40,03;1676,96;
20221108;0,146;8,166;40,014;40,014;40,298;1713,57;
20221109;0,146;8,185;40,108;40,108;40,154;1705,38;
20221110;0,146;8,092;40,056;40,056;40,695;1750,63;
20221111;0,145;8,076;39,978;39,978;41,403;1765,18;
20221114;0,145;8,05;39,849;39,849;41,258;1773,39;
20221115;0,144;7,942;39,711;39,711;40,849;1775,48;
20221116;0,142;7,923;39,773;39,773;41,233;1772,57;
20221117;0,143;8,023;40,117;40,117;41,577;1760,62;
20221118;0,14;7,96;39,801;39,801;41,12;1749,35;
20221121;0,139;7,829;39,534;39,534;40,481;1738,01;
20221122;0,138;7,856;39,282;39,282;40,482;1738,8;
20221123;0,137;7,832;39,161;39,161;40,704;1748,79;
20221124;0,135;7,834;39,17;39,17;40,762;1754,42;
20221125;0,133;7,774;39,257;39,257;40,831;1754,93;
20221128;0,134;7,749;39,52;39,52;40,949;1741,29;
20221129;0,133;7,721;39,379;39,379;40,72;1751,68;
20221130;0,131;7,739;39,392;39,392;40,911;1762,06;
20221201;0,13;7,676;39,072;39,072;41,063;1801,47;
20221202;0,131;7,84;39,199;39,199;41,235;1795,55;
20221205;0,131;7,783;39,305;39,305;41,257;1767,02;
20221206;0,131;7,763;39,205;39,205;41,034;1768,42;
20221207;0,13;7,737;39,07;39,07;41,072;1787,35;
20221208;0,13;7,737;39,029;39,029;41,209;1789,73;
20221209;0,13;7,775;38,873;38,873;41,001;1797,64;
20221212;0,129;7,762;38,81;38,81;40,818;1779,75;
20221213;0,129;7,737;38,683;38,683;41,083;1811,37;
20221214;0,129;7,725;38,627;38,627;41,246;1808,78;
20221215;0,129;7,758;38,788;38,788;41,203;1778,3;
20221216;0,129;7,77;38,848;38,848;41,235;1791,47;
20221219;0,127;7,765;38,826;38,826;41,212;1789,04;
20221220;0,126;7,682;38,412;38,412;40,719;1815,72;
20221221;0,126;7,684;38,341;38,341;40,684;1817,48;
20221222;0,127;7,764;38,589;38,589;40,829;1787,08;
20221223;0,122;8,062;39,1;39,1;41,483;1796,06;
20221226;0,123;8,233;39,517;39,517;42,011;1798,2;
20221227;0,121;8,341;40,038;40,038;42,625;1816,51;
20221228;0,121;8,322;39,946;39,946;42,425;1803,24;
20221229;0,12;8,255;39,625;39,625;42,3;1817,16;
20221230;0,12;8,348;40,071;40,071;42,878;1819,2;
20230102;0,119;8,291;39,795;39,795;42,388;1824,02;
20230103;0,119;8,192;39,732;39,732;41,943;1839,14;
20230104;0,119;8,202;39,862;39,862;42,224;1850,01;
20230105;0,117;8,186;39,864;39,864;41,995;1836,08;
20230109;0,117;8,194;39,823;39,823;42,788;1872,18;
20230110;0,115;8,204;39,79;39,79;42,736;1875,41;
20230111;0,115;8,204;39,79;39,79;42,792;1877,7;
20230112;0,115;8,346;39,643;39,643;43,038;1899,24;
20230113;0,112;8,357;39,695;39,695;42,992;1919,02;
20230116;0,112;8,408;39,686;39,686;42,909;1914,6;
20230117;0,11;8,422;39,584;39,584;42,729;1905,63;
20230118;0,106;8,261;39,241;39,241;42,363;1905,02;
20230119;0,106;8,156;39,151;39,151;42,391;1924,86;
20230120;0,107;8,135;39,048;39,048;42,363;1928,66;
20230123;0,107;8,075;39,163;39,163;42,557;1927,82;
20230124;0,104;8,07;39,138;39,138;42,568;1934,53;
20230125;0,104;8,059;39,085;39,085;42,64;1941,24;
20230126;0,104;8,033;38,958;38,958;42,408;1930,26;
20230127;0,103;7,964;38,625;38,625;41,968;1930,32;
20230130;0,102;7,941;38,751;38,751;42,062;1922,94;
20230131;0,103;7,975;38,681;38,681;42,052;1929,28;
20230201;0,103;7,913;38,696;38,696;42,256;1926,81;
20230202;0,103;7,888;38,572;38,572;42,119;1917,73;
20230203;0,104;7,983;39,119;39,119;42,297;1865,01;
20230206;0,108;8,012;39,258;39,258;42,126;1870,82;
20230207;0,107;7,975;39,076;39,076;41,903;1872,48;
20230208;0,107;7,978;39,092;39,092;41,952;1877,37;
20230209;0,107;8,063;39,105;39,105;42,001;1866,56;
20230210;0,107;8,071;39,144;39,144;41,775;1862,39;
20230213;0,105;8,045;39,02;39,02;41,863;1855,19;
20230214;0,106;8,059;39,084;39,084;41,939;1853,52;
20230215;0,106;8,029;39,344;39,344;42;1835,58;
20230216;0,107;7,994;39,57;39,57;42,306;1844,37;
20230217;0,106;7,94;39,302;39,302;42,014;1842,81;
20230222;0,108;7,773;38,866;38,866;41,284;1830,9;
20230223;0,107;7,711;38,553;38,553;40,83;1823,32;
20230224;0,108;7,753;38,764;38,764;40,89;1810,43;
20230227;0,108;7,73;39,037;39,037;41,414;1819,65;
20230228;0,108;7,702;38,893;38,893;41,201;1829,35;
20230301;0,11;7,702;38,897;38,897;41,423;1838,15;
20230302;0,11;7,75;39,137;39,137;41,46;1836,26;
20230303;0,111;7,808;39,428;39,428;41,894;1849,73;
20230306;0,11;7,766;39,218;39,218;41,857;1847,02;
20230307;0,111;7,785;39,314;39,314;41,508;1814,79;
20230308;0,112;7,757;39,171;39,171;41,298;1814,69;
20230309;0,114;7,835;39,177;39,177;41,485;1834,68;
20230310;0,114;7,852;39,261;39,261;41,789;1863,52;
20230313;0,116;7,789;39,333;39,333;42,216;1911,12;
20230314;0,115;7,818;39,248;39,248;42,152;1906,09;
20230315;0,115;7,83;39,541;39,541;41,858;1915,94;
20230316;0,113;7,857;39,679;39,679;42,111;1918,9;
20230317;0,111;7,821;39,496;39,496;42,186;1984,12;
20230320;0,111;7,77;39,24;39,24;42,081;1984,07;
20230321;0,11;7,712;38,945;38,945;41,924;1936,18;
20230322;0,108;7,719;38,979;38,979;42,409;1968,37;
20230323;0,108;7,748;38,741;38,741;42,03;1988,16;
20230324;0,108;7,782;38,935;38,935;41,894;1977,14;
20230327;0,108;7,679;38,78;38,78;41,867;1956,1;
20230328;0,108;7,666;38,715;38,715;41,975;1973,2;
20230329;0,106;7,773;38,867;38,867;42,144;1966,54;
20230330;0,108;7,767;38,835;38,835;42,346;1981,04;
20230331;0,109;7,776;38,648;38,648;41,952;1970,43;
20230403;0,11;7,713;38,567;38,567;42,023;1982,43;
20230404;0,112;7,705;38,756;38,756;42,449;2021,75;
20230405;0,112;7,693;38,698;38,698;42,216;2022,89;
20230410;0,109;7,748;38,741;38,741;42,069;1990,59;
20230411;0,109;7,801;38,615;38,615;42,121;2004,54;
20230412;0,109;7,887;38,646;38,646;42,491;2016,19;
20230413;0,108;7,957;38,749;38,749;42,802;2037,76;
20230414;0,105;7,9;38,949;38,949;42,836;2005,46;
20230418;0,102;7,944;38,926;38,926;42,714;2004,8;
20230419;0,103;7,953;38,968;38,968;42,682;1996,52;
20230420;0,1;7,882;39,017;39,017;42,778;2005,56;
20230421;0,1;7,87;38,955;38,955;42,757;1978,78;
20230424;0,097;7,858;38,896;38,896;42,961;1988,98;
20230425;0,092;7,743;38,715;38,715;42,478;1995,92;
20230426;0,094;7,741;38,705;38,705;42,723;1990,67;
20230427;0,09;7,801;38,616;38,616;42,574;1988,81;
20230428;0,088;7,835;38,783;38,783;42,727;1988,69;
20230502;0,089;7,882;39,015;39,015;42,92;2014,76;
20230503;0,086;7,894;39,074;39,074;43,208;2022,58;
20230504;0,087;7,79;38,952;38,952;42,906;2049,05;
20230505;0,087;7,766;38,83;38,83;42,806;2016,54;
20230508;0,087;7,769;38,692;38,692;42,584;2021,26;
20230509;0,087;7,851;38,86;38,86;42,618;2035,17;
20230510;0,087;7,864;38,928;38,928;42,727;2032,11;
20230511;0,087;7,791;38,953;38,953;42,529;2013,88;
20230512;0,087;7,872;38,968;38,968;42,292;2014,32;
20230515;0,087;7,868;38,949;38,949;42,353;2014,41;
20230516;0,086;7,868;38,945;38,945;42,325;1990,47;
20230517;0,086;7,859;38,904;38,904;42,164;1984,2;
20230518;0,086;7,861;38,914;38,914;41,903;1956,1;
20230519;0,085;7,85;38,856;38,856;41,996;1976,72;
20230523;0,086;7,803;38,625;38,625;41,618;1975,99;
20230524;0,086;7,813;38,673;38,673;41,581;1959,44;
20230525;0,087;7,845;38,834;38,834;41,638;1942,1;
20230526;0,088;7,838;38,799;38,799;41,631;1945,96;
20230529;0,088;7,821;38,791;38,791;41,545;1939,77;
20230530;0,088;7,795;38,739;38,739;41,524;1958;
20230531;0,088;7,803;38,779;38,779;41,385;1964,12;
20230601;0,086;7,76;38,799;38,799;41,752;1976,46;
20230602;0,084;7,795;38,743;38,743;41,502;1950,73;
20230605;0,083;7,835;38,782;38,782;41,547;1960,89;
20230606;0,084;7,877;38,992;38,992;41,698;1963,17;
20230607;0,085;7,901;38,954;38,954;41,693;1942,56;
20230608;0,085;7,859;38,903;38,903;41,934;1965,19;
20230609;0,084;7,819;38,705;38,705;41,604;1961,28;
20230612;0,085;7,811;38,662;38,662;41,585;1956,94;
20230613;0,085;7,763;38,427;38,427;41,463;1940,51;
20230614;0,087;7,739;38,231;38,231;41,423;1949,99;
20230615;0,087;7,79;38,173;38,173;41,799;1957,53;
20230616;0,087;7,759;38,02;38,02;41,605;1958,18;
20230620;0,086;7,663;37,931;37,931;41,409;1938,11;
20230621;0,086;7,706;37,912;37,912;41,643;1935,9;
20230622;0,086;7,739;37,765;37,765;41,387;1915,15;
20230623;0,085;7,708;37,54;37,54;40,885;1920,23;
20230626;0,085;7,752;37,596;37,596;41,036;1923,22;
20230627;0,085;7,751;37,513;37,513;41,111;1914,7;
20230628;0,086;7,789;37,62;37,62;41,089;1912,19;
20230629;0,084;7,784;37,521;37,521;40,774;1906,86;
20230630;0,085;7,713;37,408;37,408;40,816;1918,8;
20230703;0,085;7,771;37,455;37,455;40,867;1921,18;
20230704;0,084;7,779;37,493;37,493;40,819;1925,3;
20230705;0,085;7,862;37,894;37,894;41,126;1915,87;
20230706;0,086;7,936;38,33;38,33;41,707;1910,56;
20230707;0,085;7,941;38,116;38,116;41,802;1926,19;
20230710;0,085;7,956;38,031;38,031;41,83;1925,82;
20230711;0,085;7,976;38,124;38,124;41,933;1931,62;
20230712;0,085;8,016;38,157;38,157;42,496;1957,68;
20230713;0,085;8,041;38,194;38,194;42,854;1959,83;
20230714;0,085;8,039;38,026;38,026;42,715;1959,1;
20230717;0,086;8,045;38,055;38,055;42,781;1955,6;
20230719;0,083;7,984;38,002;38,002;42,57;1977,85;
20230720;0,08;7,914;37,909;37,909;42,178;1969,13;
20230721;0,078;7,909;37,963;37,963;42,226;1962,8;
20230724;0,076;7,888;37,86;37,86;41,915;1954,7;
20230725;0,075;7,81;37,643;37,643;41,577;1963,57;
20230726;0,075;7,849;37,676;37,676;41,835;1976,59;
20230727;0,075;7,863;37,741;37,741;41,413;1945,45;
20230728;0,074;7,847;37,664;37,664;41,517;1958,87;
20230731;0,073;7,83;37,429;37,429;41,168;1966,8;
20230801;0,074;7,812;37,496;37,496;41,148;1943,99;
20230802;0,074;7,888;37,861;37,861;41,431;1936,41;
20230803;0,074;7,938;38,259;38,259;41,871;1933,13;
20230804;0,072;7,879;38,055;38,055;41,895;1941,54;
20230807;0,07;7,871;38,018;38,018;41,846;1937,03;
20230808;0,069;7,841;38,031;38,031;41,682;1925,18;
20230809;0,068;7,825;37,952;37,952;41,652;1916,17;
20230810;0,066;7,809;37,794;37,794;41,536;1914,92;
20230811;0,066;7,827;37,883;37,883;41,482;1912,94;
20230814;0,064;7,85;38,152;38,152;41,601;1908,02;
20230815;0,06;7,804;38,007;38,007;41,443;1902,59;
20230816;0,057;7,739;37,845;37,845;41,168;1894,61;
20230817;0,055;7,731;37,729;37,729;40,966;1886,61;
20230818;0,057;7,754;37,839;37,839;41,158;1887,97;
20230821;0,059;7,781;37,815;37,815;41,215;1894,91;
20230822;0,059;7,8;37,83;37,83;41,049;1897,03;
20230823;0,059;7,775;37,709;37,709;40,944;1916,82;
20230824;0,059;7,851;37,686;37,686;40,731;1917,06;
20230828;0,055;7,821;37,696;37,696;40,753;1919,68;
20230829;0,054;7,84;37,788;37,788;41,079;1936,75;
20230830;0,054;7,834;37,682;37,682;41,16;1943,72;
20230831;0,055;7,783;37,592;37,592;40,776;1941,09;
20230901;0,055;7,8;37,676;37,676;40,607;1940,88;
20230904;0,056;7,833;37,754;37,754;40,755;1937,64;
20230905;0,057;7,826;37,876;37,876;40,611;1925,96;
20230906;0,057;7,808;37,87;37,87;40,619;1917,38;
20230907;0,058;7,872;38,02;38,02;40,666;1920,48;
20230908;0,059;7,941;38,117;38,117;40,778;1918,42;
20230911;0,059;7,915;38,069;38,069;40,905;1921,7;
20230912;0,058;7,952;38,251;38,251;41,051;1913,28;
20230913;0,057;7,959;38,281;38,281;41,079;1909,08;
20230914;0,057;7,981;38,149;38,149;40,575;1908,52;
20230915;0,059;7,961;38,054;38,054;40,569;1924,06;
20230918;0,059;8,01;38,127;38,127;40,712;1931,51;
20230919;0,059;8,011;38,13;38,13;40,711;1930,91;
20230920;0,059;7,978;38,053;38,053;40,667;1940,32;
20230921;0,059;7,993;38,205;38,205;40,73;1919,8;
20230922;0,059;7,974;38,115;38,115;40,585;1924,73;
20230925;0,057;8,008;38,277;38,277;40,524;1915,67;
20230926;0,057;8,009;38,285;38,285;40,452;1899,74;
20230927;0,055;8,01;38,447;38,447;40,4;1876,38;
20230928;0,055;8,072;38,746;38,746;40,893;1865,55;
20230929;0,053;8,033;38,556;38,556;40,785;1848,69;
20231002;0,053;8,067;38,721;38,721;40,626;1829,87;
20231003;0,054;8,137;39,141;39,141;40,992;1823,9;
20231004;0,053;8,172;39,388;39,388;41,369;1817,4;
20231005;0,052;8,14;39,397;39,397;41,564;1820,38;
20231006;0,05;8,164;39,596;39,596;41,936;1831,67;
20231009;0,048;8,252;39,857;39,857;42,113;1857,29;
20231010;0,047;8,275;39,967;39,967;42,357;1859,31;
20231011;0,046;8,226;39,733;39,733;42,149;1872,8;
20231012;0,046;8,272;39,953;39,953;42,063;1868,57;
20231013;0,047;8,269;39,94;39,94;41,981;1928,27;
20231017;0,047;8,26;39,894;39,894;42,168;1922,26;
20231018;0,047;8,258;39,885;39,885;42,023;1951,08;
20231019;0,047;8,255;39,872;39,872;42,189;1973,59;
20231020;0,048;8,235;39,942;39,942;42,311;1979,44;
20231023;0,047;8,244;39,818;39,818;42,502;1977,67;
20231024;0,045;8,216;39,848;39,848;42,195;1973,3;
20231025;0,045;8,224;39,885;39,885;42,143;1981,32;
20231026;0,046;8,239;39,959;39,959;42,197;1986,11;
20231027;0,047;8,198;39,923;39,923;42,191;2005,24;
20231030;0,046;8,238;39,952;39,952;42,425;1998,08;
20231031;0,047;8,208;39,974;39,974;42,297;1984,35;
20231101;0,047;8,217;40,019;40,019;42,192;1974,83;
20231103;0,048;8,262;39,821;39,821;42,752;1994,74;
20231106;0,048;8,284;39,927;39,927;42,866;1981,4;
20231107;0,048;8,316;39,918;39,918;42,708;1969,43;
20231108;0,049;8,32;39,935;39,935;42,762;1951,58;
20231109;0,049;8,307;39,875;39,875;42,626;1961,85;
20231110;0,049;8,293;39,807;39,807;42,518;1935,37;
20231113;0,048;8,33;39,982;39,982;42,785;1947,82;
20231114;0,048;8,311;39,893;39,893;43,368;1962,63;
20231115;0,047;8,271;39,699;39,699;43,058;1960,61;
20231116;0,047;8,242;39,561;39,561;42,959;1984,07;
20231117;0,047;8,19;39,558;39,558;43,126;1981,69;
20231120;0,046;8,19;39,393;39,393;43,12;1977,35;
20231121;0,046;8,122;39,066;39,066;42,605;1998,09;
20231122;0,042;8,12;39,136;39,136;42,6;1989,04;
20231123;0,042;8,153;39,297;39,297;42,846;1992,09;
20231124;0,043;8,142;39,246;39,246;42,963;1996,58;
20231127;0,043;8,133;39,2;39,2;42,893;2012,12;
20231128;0,043;8,11;39,092;39,092;42,931;2039,51;
20231129;0,047;8,127;39,091;39,091;42,938;2047,87;
20231130;0,049;8,116;39,119;39,119;42,597;2034,98;
20231201;0,049;8,086;38,974;38,974;42,443;2072,03;
20231204;0,048;8,113;39,105;39,105;42,3;2024,82;
20231205;0,047;8,11;39,17;39,17;42,241;2017,94;
20231206;0,047;8,066;39,07;39,07;42,106;2030,28;
20231207;0,048;8,168;39,127;39,127;42,277;2030,35;
20231208;0,047;8,138;39,308;39,308;42,288;1999,59;
20231211;0,047;8,223;39,554;39,554;42,576;1982,25;
20231212;0,047;8,268;39,85;39,85;43,006;1979,05;
20231213;0,044;8,256;39,96;39,96;43,245;1990,77;
20231214;0,044;8,258;39,64;39,64;43,533;2031,22;
20231215;0,043;8,206;39,388;39,388;42,905;2019,54;
20231218;0,044;8,181;39,351;39,351;42,979;2026,6;
20231219;0,044;8,242;39,233;39,233;43,058;2038,63;
20231220;0,044;8,271;39,454;39,454;43,238;2036,19;
20231221;0,043;8,322;39,365;39,365;43,266;2039,11;
20231222;0,044;8,225;39,234;39,234;43,201;2056,78;
20231226;0,043;8,252;39,195;39,195;43,26;2058,61;
20231227;0,043;8,231;39,017;39,017;43,332;2078,11;
20231228;0,043;8,451;39,044;39,044;43,194;2072,5;
20231229;0,043;8,41;39,022;39,022;43,127;2064,78;
20240102;0,043;8,389;39,092;39,092;42,79;2061,05;
20240103;0,044;8,421;39,158;39,158;42,714;2036,81;
20240104;0,044;8,435;39,223;39,223;42,934;2043,21;
20240105;0,044;8,439;39,325;39,325;43,081;2048,26;
20240108;0,044;8,515;39,339;39,339;43,1;2026,63;
20240109;0,044;8,63;39,439;39,439;43,087;2029,29;
20240110;0,044;8,626;39,334;39,334;43,146;2023,74;
20240111;0,044;8,601;39,393;39,393;43,194;2017,46;
20240112;0,041;8,486;39,207;39,207;42,967;2047,41;
20240115;0,042;8,545;39,135;39,135;42,865;2054,36;
20240116;0,042;8,535;39,262;39,262;42,682;2025,67;
20240117;0,041;8,672;39,283;39,283;42,685;2004,91;
20240118;0,04;8,48;39,348;39,348;42,748;2020,3;
20240119;0,039;8,435;39,054;39,054;42,538;2027,67;
20240122;0,039;8,261;38,745;38,745;42,193;2021,42;
20240123;0,036;8,337;38,685;38,685;41,923;2025,21;
20240124;0,035;8,236;38,707;38,707;42,16;2014,94;
20240125;0,034;8,413;38,954;38,954;42,183;2013,89;
20240126;0,034;8,366;38,986;38,986;42,323;2017,04;
20240129;0,036;8,398;39,05;39,05;42,217;2025,54;
20240130;0,036;8,424;39,171;39,171;42,446;2032,64;
20240131;0,036;8,386;39,164;39,164;42,395;2041,11;
20240201;0,036;8,421;39,074;39,074;42,477;2055,75;
20240202;0,036;8,345;39,054;39,054;42,132;2037,33;
20240205;0,037;8,419;39,148;39,148;42,057;2025,27;
20240206;0,037;8,33;39,068;39,068;42,014;2036,36;
20240207;0,037;8,403;39,073;39,073;42,086;2034,73;
20240208;0,037;8,47;39,217;39,217;42,264;2032,14;
20240209;0,037;8,477;39,163;39,163;42,241;2023,56;
20240214;0,038;8,319;39,183;39,183;42,028;1991,34;
20240215;0,039;8,409;39,102;39,102;42,101;2004,4;
20240216;0,039;8,471;39,137;39,137;42,213;2014,04;
20240219;0,037;8,315;39,082;39,082;42,127;2017,72;
20240220;0,038;8,399;39,055;39,055;42,219;2027,13;
20240221;0,039;8,463;39,097;39,097;42,26;2021,3;
20240222;0,039;8,405;39,083;39,083;42,3;2022,61;
20240223;0,039;8,401;39,063;39,063;42,286;2039,75;
20240226;0,039;8,277;39,148;39,148;42,456;2029,66;
20240227;0,039;8,366;39,153;39,153;42,477;2032,19;
20240228;0,04;8,397;39,129;39,129;42,392;2031,41;
20240229;0,041;8,361;39,047;39,047;42,202;2046,4;
20240301;0,041;8,353;38,927;38,927;42,197;2086,21;
20240304;0,042;8,369;38,998;38,998;42,336;2114,17;
20240305;0,042;8,291;39,051;39,051;42,378;2131;
20240306;0,043;8,255;38,962;38,962;42,476;2147,03;
20240307;0,042;8,3;38,761;38,761;42,412;2157,11;
20240308;0,043;8,299;38,756;38,756;42,395;2175,26;
20240311;0,043;8,24;38,811;38,811;42,397;2181,11;
20240312;0,042;8,183;38,789;38,789;42,369;2153,14;
20240313;0,042;8,239;38,641;38,641;42,312;2174,48;
20240314;0,042;8,102;38,404;38,404;41,799;2160,86;
20240315;0,042;8,217;38,454;38,454;41,873;2158,64;
20240318;0,043;8,22;38,389;38,389;41,737;2159,81;
20240319;0,042;8,191;38,499;38,499;41,818;2156,96;
20240320;0,042;8,175;38,095;38,095;41,573;2181,88;
20240321;0,041;8,144;37,706;37,706;40,956;2183,15;
20240322;0,042;8,273;37,89;37,89;40,936;2162,98;
20240325;0,041;8,363;37,802;37,802;40,962;2173,03;
20240326;0,041;8,189;37,507;37,507;40,631;2177,49;
20240327;0,042;8,128;37,552;37,552;40,639;2192,23;
20240401;0,042;8,284;37,857;37,857;40,655;2239,53;
20240402;0,041;8,026;38,122;38,122;41,031;2271,16;
20240403;0,042;8,052;38,247;38,247;41,437;2296,38;
20240404;0,042;8,051;38,24;38,24;41,49;2304,29;
20240405;0,042;8,025;38,521;38,521;41,734;2324,07;
20240408;0,043;8,015;38,792;38,792;42,117;2338,73;
20240409;0,042;8,053;38,494;38,494;41,774;2349,2;
20240410;0,042;8,029;38,538;38,538;41,374;2328,64;
20240411;0,042;8,055;38,664;38,664;41,471;2361,49;
20240412;0,042;8,081;38,788;38,788;41,263;2335,32;
20240415;0,042;8,052;38,891;38,891;41,322;2374,84;
20240416;0,043;7,892;39,223;39,223;41,698;2392,56;
20240417;0,042;7,899;38,707;38,707;41,297;2373,8;
20240418;0,041;7,753;38,378;38,378;40,857;2381,83;
20240419;0,041;7,811;38,506;38,506;41,009;2397,44;
20240423;0,041;7,715;38,346;38,346;41,049;2324,64;
20240424;0,04;7,684;38,342;38,342;40,995;2319,98;
20240425;0,04;7,741;38,626;38,626;41,438;2332,88;
20240426;0,039;7,788;38,162;38,162;40,852;2339,74;
20240429;0,04;7,737;38,298;38,298;41,063;2338,92;
20240430;0,04;7,741;38,318;38,318;40,916;2290,11;
20240502;0,04;7,716;38,194;38,194;40,975;2307,28;
20240503;0,04;7,693;38,078;38,078;40,999;2297,39;
20240506;0,039;7,859;38,353;38,353;41,322;2325,98;
20240507;0,04;7,88;38,613;38,613;41,521;2314,24;
20240508;0,04;7,859;38,431;38,431;41,294;2312,21;
20240509;0,04;7,919;38,487;38,487;41,497;2337,56;
20240510;0,041;7,875;38,511;38,511;41,488;2365,91;
20240513;0,04;7,847;38,531;38,531;41,571;2337,17;
20240514;0,04;7,886;38,641;38,641;41,81;2356,97;
20240515;0,04;7,904;38,728;38,728;42,128;2384,68;
20240516;0,039;7,866;38,781;38,781;42,155;2379,26;
20240517;0,038;7,857;38,497;38,497;41,866;2415,01;
20240520;0,038;7,775;38,408;38,408;41,727;2434,59;
20240521;0,035;7,734;38,285;38,285;41,547;2419,92;
20240522;0,035;7,771;38,466;38,466;41,624;2377,53;
20240523;0,035;7,773;38,478;38,478;41,579;2333,91;
20240524;0,035;7,709;38,546;38,546;41,819;2333,39;
20240527;0,035;7,68;38,553;38,553;41,857;2340,86;
20240528;0,035;7,69;38,529;38,529;41,843;2357,67;
20240529;0,034;7,672;38,744;38,744;41,867;2337,97;
20240530;0,034;7,665;38,709;38,709;41,941;2341,76;
20240531;0,034;7,606;38,792;38,792;42,066;2322,23;
